0.302744832877164
0.360658988020288
0.410777781617506
0.444464378062125
0.452502682308309
0.426738325448083
0.362176471072817
0.259171905740035
0.125148682759362
-0.0248206105464495
-0.169179314034679
-0.283100219512376
-0.343527501351926
-0.335165269710369
-0.25592080794545
-0.119996408791034
0.0429658214132503
0.19343601865991
0.291614408454931
0.308918194173421
0.237935365558456
0.0971760758763894
-0.0720018024166333
-0.216612434279417
-0.288761359807854
-0.262632636297853
-0.145459813062683
0.022533569427463
0.180675807338563
0.269509641062555
0.253978224041749
0.138838493931516
-0.0309435351539409
-0.186527709921674
-0.262887346114566
-0.226826533541414
-0.0929402867776393
0.0806866104254167
0.216724275158923
0.253112286203569
0.172411746305199
0.0116705440233415
-0.153279329207416
-0.243107737710389
-0.213667985130786
-0.0789595871456828
0.0941391081093459
0.218251839479059
0.229735150267492
0.122295289412964
-0.0482533744162031
-0.192004155605439
-0.232208207285664
-0.146989118855104
0.0175466225881973
0.171229862131557
0.228943895572988
0.15833023635277
-0.000975062494355339
-0.158582023781476
-0.22426837914571
-0.160086904230178
-0.00328772318492142
0.15434445551594
0.219849568394261
0.154326522350309
-0.00303463499933364
-0.157504900771099
-0.21551667884698
-0.141752616194439
0.0184733924618064
0.166247202889287
0.209870272347959
0.122203917907206
-0.0416069978676046
-0.178111791816268
-0.200740175454523
-0.0951956897291473
0.0707117151523592
0.190033468740466
0.185599506745057
0.0604731748595893
-0.103406908439128
-0.1984150190554
-0.162025655576341
-0.0185557599192208
0.136402425322743
0.199351363741724
0.128251864480719
-0.0287800275416774
-0.165449583164549
-0.189073260725355
-0.0837897177508098
0.0781727626211261
0.185587708456025
0.164620182608278
0.0300318594906694
-0.124629468606474
-0.191744463652522
-0.124673869765423
0.0293211571228696
0.161886530911697
0.179678485258271
0.0703940695886124
-0.0882053184903573
-0.183256614104329
-0.147148205332231
-0.00601679616429048
0.138692858947005
0.182935472861471
0.0950691241976434
-0.0610649672526211
-0.172148304726287
-0.157591133496828
-0.0283189219173682
0.120982811363705
0.18098263934809
0.10789246185697
-0.0441867059353202
-0.16294575118037
-0.160733440556948
-0.0395095337300718
0.110448848978943
0.177539958067518
0.111984004891272
-0.0368998851375398
-0.157460222021224
-0.159361597335178
-0.0414982773567923
0.107060698861242
0.174160051229246
0.109307188577587
-0.0380245759421267
-0.155831944292698
-0.154655882367353
-0.0357208756355386
0.109925238978847
0.170917298750492
0.100804806616543
-0.0462894340537914
-0.157178811922018
-0.14665763287081
-0.023171867826092
0.117658358054468
0.166921771597557
0.086734208125648
-0.0603639693498974
-0.15995147313943
-0.134707875573134
-0.00464533023913171
0.128489850871066
0.160690938295758
0.0670518534924439
-0.0787222411867393
-0.162135850658085
-0.117843174773604
0.0189588795725058
0.140266579915806
0.150457701455488
0.0417967918776942
-0.0994706381638069
-0.161420549520844
-0.0951726135315773
0.0463401265780286
0.15046781832723
0.134481655631647
0.0114497455963482
-0.120227299555092
-0.155410079780044
-0.066250508730727
0.0755693008201464
0.156309231898543
0.111398620199167
-0.0227623911469827
-0.13811802872444
-0.141926787873436
-0.0314314581032676
0.103982593301855
0.154980595045676
0.0806046482130938
-0.0586644922029177
-0.149936116503638
-0.119404412427785
0.00783762206896112
0.128249572064347
0.144028231331605
0.0426307446017103
-0.093094957695061
-0.152489185023379
-0.0873336112013879
0.0488594871743411
0.144655437254884
0.12185196032426
-0.00057038809357325
-0.122091327430531
-0.143118987942961
-0.0466781399108477
0.0877436604252404
0.149606126436442
0.088239947947756
-0.0455255324882301
-0.141336283118263
-0.120330881999388
-0.000147986773989893
0.119745785829965
0.140315001109795
0.0448216393233407
-0.0874277280400663
-0.146852547474779
-0.0844163797844368
0.0477956155724763
0.139913516793638
0.115568020297429
-0.0047078052531726
-0.120672298896312
-0.135867421010323
-0.0379090901665056
0.0913071938098313
0.143993133971673
0.0764049555276052
-0.0547335216753972
-0.139737943371815
-0.107693494986554
0.0143007258573328
0.12393949933886
0.129464832674563
0.0265172554524642
-0.098331795054139
-0.140314553485187
-0.0644124247181111
0.0653384299494454
0.139788232254828
0.0964929714831433
-0.0278304979944404
-0.128347289778057
-0.120478185536257
-0.0111282274853686
0.107267358802523
0.134829062715611
0.048528022079083
-0.0784840685119449
-0.138811597160842
-0.0816342383683368
0.0444032414341199
0.132495106941475
0.10816905358741
-0.00769304650898685
-0.116692383048037
-0.126444819644987
-0.0289251361639659
0.0928518058202826
0.135444407331011
0.0628722504333851
-0.0629137663340013
-0.134848169055489
-0.0918812653644494
0.0291447838385489
0.12501085033857
0.114131954265921
0.00603728097541512
-0.106894785711049
-0.12834501677835
-0.0402344037041462
0.0819679202864844
0.133833120455084
0.0712250489404119
-0.052076572519754
-0.130509497887312
-0.0970974878008418
0.0193034233124313
0.118857382822403
0.116353381406435
0.0141789448807559
-0.0998656934041633
-0.127977756498833
-0.0462494201053244
0.0749379108580431
0.131473967887563
0.0749663833862377
-0.0457820404438491
-0.126864512349832
-0.0986757514723124
0.0142898995472175
0.114660520070624
0.11609425113176
0.0175861922277148
-0.0958043264011757
-0.12636505458767
-0.0479518684737255
0.0715906750934029
0.129084780908592
0.075077848017882
-0.0435728109803993
-0.124302599108997
-0.0974905203821826
0.0134599985658141
0.112493675716277
0.114042168733667
0.0169871117054724
-0.0945104357474453
-0.123958487031546
-0.0460573036340195
0.0715160170998281
0.126862498750505
0.0721805695518256
-0.0449048811890108
-0.12277533813975
-0.0940065471337963
0.0162158031019605
0.112095550802713
0.11046640279626
0.0129575755373156
-0.0955595633957661
-0.120816085681202
-0.041053753703321
0.0741867331987368
0.124660015110146
0.0666235885673825
-0.0492129031476343
-0.12195534464348
-0.0884000736630143
0.0220166565007759
0.112997919529402
0.105354846595209
0.00595750035781297
-0.0983918741213294
-0.116739480875646
-0.0332749763390379
0.0790054757083467
0.122110518968853
0.0585822649117927
-0.0559162961019649
-0.12133807789325
-0.0806702612721124
0.0303490776241364
0.114598665830986
0.0985271607864766
-0.00360976059856087
-0.102353556554748
-0.111379057933321
-0.0229809321221454
0.0853146543606661
0.118717081979002
0.0481511822874792
-0.0644002299421271
-0.120310617944717
-0.0707362163077614
0.0406832094351671
0.116206837052009
0.0897285328188598
-0.0153348542121845
-0.106717372617948
-0.104318377030025
-0.01043331606083
0.0923935036446955
0.113923187611191
0.0354266184494286
-0.0739916332899283
-0.118205321564334
-0.0585208077726843
0.0524311630935883
0.117077928997545
0.0787099913954761
-0.0287470620587426
-0.110699379595654
-0.0951470571289165
0.00403951352362315
0.0994571161842131
0.107175254214189
0.0205770019795578
-0.0839422125897841
-0.11435003443707
-0.0440229531940148
0.0649162318644881
0.116450732208884
0.065299308501939
-0.0432722101268769
-0.11348211894856
-0.083527644333649
0.0199917282880997
0.105666290661321
0.0979833987519369
0.00389991975223364
-0.0934257234156996
-0.108121226055581
-0.0273784932515649
0.0773586478225466
0.113591795085583
0.0494636530344578
-0.0582081422893269
-0.114249762003521
-0.0692582245036115
0.0368265207919824
0.110153022086133
0.0859824470846145
-0.0141366924498894
-0.101553690791188
-0.09900206312744
-0.0089078013859201
0.0888815704166551
0.107849408218286
0.0313624074893082
-0.0727211159456025
-0.112236987590447
-0.0523292769177345
0.0537831155554305
0.112063346461555
0.0709916731966287
-0.0328724437845243
-0.107411353259809
-0.0866438713841551
0.0108533270365938
0.0985393027984095
0.0987155836031948
0.0113864171081243
-0.0858655021452978
-0.106790206303268
-0.0329707403310539
0.069947217723682
0.11061645592873
0.0530689841953232
-0.0514550325763041
-0.110113231978558
-0.0709265535950347
0.0311437842897719
0.105367809527036
0.0858916055218479
-0.00982132537173988
-0.0966277080469718
-0.0974369145593581
-0.0116836306140059
0.0842868020256325
0.105176295504239
0.0325533398858101
-0.0688664250375375
-0.108875193439852
-0.0520113687877642
0.050992367860635
0.108455283533069
0.0693503846479515
-0.0313687797471089
-0.103993148378917
-0.0839564791913918
0.0107500485640273
0.0957133122315101
0.0953292732592204
0.0100882397581843
-0.0839761022592535
-0.103097236640672
-0.0303781776950074
0.0692609715076059
0.107027852708052
0.0493872169929964
-0.0521460522508905
-0.107032456825922
-0.066443709328678
0.0332848088822587
0.103165773088043
0.0809594779099481
-0.0133807247679016
-0.0956203592715731
-0.0924487302199531
-0.00683901278828869
0.0847163391710705
0.100542778459612
0.0266498703045494
-0.0708869497509527
-0.105000201675387
-0.0453554471482904
0.054660553885084
0.105712255815552
0.062311221852672
-0.036639864944514
-0.102703508987725
-0.0769458052150073
0.0174791953443625
0.0961278433118818
0.0887790546966229
0.00213942335794895
-0.0862601168409682
-0.0974365363300953
-0.0215303957946391
0.0734839145892486
0.102659963499804
0.0400281638798597
-0.0582759330833276
-0.104313391317875
-0.0570094739643947
0.0411876351972184
0.102385095663048
0.0719136040498324
-0.0228248794138399
-0.096985212320959
-0.0842599389568775
0.00382626903473971
0.0883393494768987
0.0936623914580581
0.0151590179074594
-0.0767785119908028
-0.0998402894092506
-0.0334931674965436
0.0627257849600557
0.10262547837976
0.0505707211986694
-0.0466803142633907
-0.101965521697589
-0.0658379592175203
0.0291991910277103
0.0979230108350013
0.0788100906956495
-0.010877893976297
-0.0906711245503862
-0.0890857564647793
-0.00767003213027778
0.0804856914362242
0.0963584532969737
0.0258333820571496
-0.067734114224199
-0.100424600385268
-0.0430231197285236
0.0528616026330183
0.101188085221742
0.0586910121026534
-0.0363752325763838
-0.098661243308428
-0.0723465056180162
0.0188264016765371
0.0929623405462748
0.0835713572083468
-0.000792283397728779
-0.0843097352647037
-0.0920316181564703
-0.0171431054849252
0.0730129955876997
0.0974866647683199
0.0344076165264979
-0.0594613345120998
-0.0997950716857293
-0.0504588785444072
0.0441097975096182
0.0989172282599499
0.0648008648287035
-0.0274636939903464
-0.094914702478596
-0.0769986375355442
0.0100618034667902
0.0879464573299033
0.0866908588668801
0.00754109082462073
-0.0782621182952854
-0.0935997395009315
-0.0247917837611592
0.0661925752937977
0.0975381829456496
0.0411558012955588
-0.052138275648881
-0.0984139771221598
-0.0561336090253131
0.0365556247243648
0.0962309786092072
0.06927540430101
-0.0199419564577519
-0.091087327729803
-0.0801940760652815
0.00281956626066654
0.0831708213238733
0.0885759835632828
0.0142806867021878
-0.0727516521378845
-0.0941892803461718
-0.0308357018888699
0.0601727970729715
0.0968895910913521
0.0463458945104788
-0.0458383992062433
-0.0966229330986832
-0.0603499276200351
0.0302005390513076
0.0934258593070541
0.0724380021542542
-0.0137448278797186
-0.0874228827998622
-0.0822633417248215
-0.00302472057192519
0.0788213216671548
0.0895515718413248
0.0196010742641276
-0.0679037756093506
-0.094107763092957
-0.0354893616214449
0.0550185099029943
0.0958209823737904
0.0502214014470456
-0.0405680767110374
-0.0946662732019343
-0.0633691707248483
0.0249965469510332
0.0907040632632926
0.0745568383790824
-0.00877575713986653
-0.0840770722878253
-0.0834710439927179
-0.00760900571130259
0.0750048641569062
0.0898691592659088
0.0236734521215978
-0.0637762518495914
-0.0935853347092717
-0.0389484485832514
0.0507398208031302
0.0945342026919534
0.0529934823754976
-0.0362928841013132
-0.0927121784387617
-0.0654090582056087
0.0208692205267288
0.0881963708427476
0.0758476915261478
-0.00492597315581127
-0.0811411830521578
-0.0840232112629456
-0.0110698985958863
0.0717727468481387
0.0897181394736406
0.0266552168568852
-0.0603813931683463
-0.0927889754090549
-0.0413838440694913
0.0473124122775654
0.0931692747447048
0.0548392319473118
-0.0329553998121615
-0.090870479526897
-0.06664591821938
0.0177325182718436
0.0859805187922057
0.0764796659483553
-0.00208602682995289
-0.0786602620898774
-0.0840759850183372
-0.0135345547925304
0.0691379665965486
0.089236826365917
0.028685280268671
-0.0577019116461583
-0.0918352951059119
-0.0429402482138992
0.0446914609810659
0.0918182872245756
0.055903368839976
-0.030486831757335
-0.0892070142940217
-0.0672191099779545
0.0154978794472294
0.0840954400271283
0.0765819415844288
-0.000152228670561756
-0.0766467098291539
-0.0837442396257499
-0.015116908681464
0.0670877082953685
0.0885224576259512
0.0298828849592675
-0.0557019284768359
-0.0908014257371395
-0.0437374025581534
0.0428208794819405
0.0905366914395573
0.0563016153770414
-0.0288142945911385
-0.0877548713659702
-0.0672362523245696
0.0140794297469482
0.0825520387458214
0.0762505017277622
0.000970238516682981
-0.0750902241022933
-0.0831094343435855
-0.0159165962345138
0.0655921567235437
0.0876397867026352
0.0303484352503412
-0.0543344198036627
-0.0897339744227341
-0.0438726426889782
0.0416392318972687
0.0893522555423853
0.0561247382785594
-0.0278651005209683
-0.0865230154327828
-0.0667784843093128
0.0133966196292256
0.0813411960534641
0.0755543230888046
0.00136629923335986
-0.0739649418609929
-0.0822264327763444
-0.0160194623501605
0.0646105812833228
0.0866282333601115
0.0301653943240398
-0.0535461051626274
-0.0886562190867134
-0.0434240084713721
0.0410833409120358
0.088272040604842
0.0554426660008626
-0.0275690524513229
-0.0855028081482409
-0.0659053640991607
0.0133752205882607
0.0804396349675177
0.0745408207572171
0.00111122410873203
-0.0732344866678889
-0.0811292574879522
-0.0154989340467007
0.0640954459309137
0.0855077190136794
0.0294026588244403
-0.0532805421987676
-0.0875738104493604
-0.0424534620956606
0.0410903313066224
0.0872877763176631
0.0543083747694289
-0.0278594399345191
-0.0846728907110842
-0.0646592375176728
0.013947313447706
0.0798141728679113
0.0732405109511737
0.000271577287479068
-0.072855486183206
-0.0798358625478347
-0.0144178044948099
0.0639951201208531
0.0842833745651769
0.0281170589469761
-0.0534799925979701
-0.0864792557427086
-0.0410099678744288
0.0415986442587674
0.0863799805350217
0.0527614018273008
-0.0286732248485148
-0.0840028218083521
-0.0630690342985097
0.0150506949955227
0.0794247852698253
0.0716709410377598
-0.00109348362297626
-0.0727799952861985
-0.0783520542158599
-0.0128301483729662
0.0642556211419939
0.0829493191169702
0.0263557837730854
-0.0540864692115655
-0.0853554369259896
-0.0391323124544523
0.0425483990976803
0.0855211154587135
0.0508309402895195
-0.0299507497583452
-0.0834557893303551
-0.0611535165699285
0.0166279843743211
0.0792268110344402
0.0698399738988014
-0.0029307797160899
-0.0729571536870716
-0.07667470032523
-0.010783203276459
0.0648217037892018
0.0814916935088949
0.0241586262588225
-0.0550422573510827
-0.084178380066274
-0.0368516176505855
0.0438813642617046
0.0846780190550213
0.048538521856245
-0.0316351931375997
-0.0829906458515604
-0.0589240345612359
0.0186256114267574
0.0791725504997911
0.0677485238506264
-0.00519169279100005
-0.0733343219896478
-0.0747943604056566
-0.00831912460253035
0.0656375259308178
0.0798911076523933
0.0215599994786776
-0.0562901168331038
-0.0829194537003232
-0.0341935392502852
0.0455407168818636
0.0838138003840418
0.045900318816582
-0.0336719199841757
-0.0825634598259302
-0.0563868544002045
0.0209928023480157
0.0792124447641667
0.0653928370520818
-0.00783083845144233
-0.0738578745317136
-0.0726974517085827
-0.005476566398996
0.0666470531377983
0.0781246329950817
0.0185907088549384
-0.0577733085507063
-0.0815471376385763
-0.0311801662857224
0.0474707122239625
0.0828893446112821
0.0429291063348082
-0.0360078244460602
-0.082128727157372
-0.053545121607859
0.0236806336192654
0.0792959748092818
0.0627663983295441
-0.0108048755895874
-0.0744737775191073
-0.0703680468659686
-0.00229206771967683
0.0677943172717242
0.0761674450827332
0.0152794831247277
-0.0594355441973587
-0.080028471963095
-0.0278316444643543
0.0496163435043787
0.0818645380419426
0.0396359268719292
-0.0385907258190651
-0.0816403502590272
-0.0504005171692628
0.0266411961467622
0.0793723810059729
0.059861532965759
-0.0140714751528976
-0.0751280436261446
-0.0677893799597404
0.00119876041111819
0.0690236086217538
0.0739941978327108
0.0116542755998433
-0.0612209255489379
-0.0783302694320915
-0.0241675498004106
0.051923044303964
0.0806992950072887
0.0360314949965482
-0.0413688555466193
-0.0810524623952731
-0.046954654165694
0.0298268927707751
0.0793912745033973
0.0566707585935528
-0.0175884575075803
-0.0757671264455098
-0.0649451207219386
0.00496024392194683
0.0702796554877777
0.0715801913299163
0.00774335066247563
-0.0630739168052586
-0.0764201528741432
-0.0202080371894189
0.0543364662244399
0.079354445869393
0.0321273753037644
-0.0442904569689862
-0.0803201524517055
-0.0432102537411991
0.0331898803386381
0.0793031900390396
0.0531879300731142
-0.0213130997181527
-0.0763382975707792
-0.0618204619479247
0.0089558429084237
0.0715078264403537
0.0689023786383783
0.00357617083107214
-0.0649393772159997
-0.0742674618424695
-0.0159747856611259
0.0568023508800185
0.0777925277623537
0.0279369601462384
-0.0473035089580938
-0.0794001279032474
-0.0391721306067728
0.0366816599628264
0.0790601131515585
0.0494092096056304
-0.0252016095174587
-0.0767900338304677
-0.0584030530441724
0.0131475279163929
0.0726543769029214
0.0659402439481723
-0.000815901369396205
-0.0667626696065222
-0.0718440591252395
-0.0114917584862216
0.0592665058906651
0.0759785059941083
0.0234762681825169
-0.0503555774475106
-0.0782513404767909
-0.0348480108100604
0.0402528142931023
0.0786160023121678
0.0453338854705302
-0.0292087602394855
-0.0770724308598868
-0.0546838027722452
0.0174953257456223
0.0736667517633456
0.0626765739190083
-0.0053990741757045
-0.0684898520690254
-0.0691250570272299
-0.00678579285242144
0.0616748879078017
0.0738804434800855
0.0187645797634342
-0.0533937940082531
-0.0768355888955326
-0.0302491982718877
0.0438528875474006
0.0779273170975765
0.0409650556009124
-0.0332876796220996
-0.0771376507471649
-0.050657566431995
0.0219570254760487
0.0744939483916447
0.0590981359063929
-0.0101367591561373
-0.0700679540002224
-0.0660894750842379
-0.0018870308135148
0.0639737909404525
0.0714701275025544
0.0138249210738379
-0.0563649572075788
-0.0751181054156889
-0.0253911016116278
0.047430401968305
0.0769535564442113
0.0363101865796639
-0.037389784588863
-0.0769404051566944
-0.046323726663695
0.0264880358114773
0.0750869389772059
0.0551962704788783
-0.0149893562127087
-0.0714453331538373
-0.0627208345790723
0.00317079919148412
0.0661101347342079
0.0687236569629008
0.00868440575543907
-0.0592157499807499
-0.0730681270665106
-0.0202936289690112
0.0509330028515544
0.075657805685789
0.0313815543658087
-0.0414648535404146
-0.0764384705651613
-0.0416866724791165
0.0310413851277053
0.0753991469802598
0.0509674009213306
-0.0199141827210856
-0.0725721069610559
-0.0590076905156746
0.00835024270338487
0.0680318452702633
0.0656219887127127
0.00337444041930458
-0.0618930642938596
-0.070659448165177
-0.0149814557637612
0.0543077230580417
0.0740072870713003
0.0261965699634435
-0.0454612271276069
-0.0755932286483636
-0.0367561778186676
0.0355678556792498
0.0753869693577257
0.0464134590004573
-0.0248655391394705
-0.0734006487346685
-0.0549440982816079
0.0136101150598398
0.0696883173275001
0.0621514382041124
-0.00206920106364356
-0.0643444227658123
-0.067870947489712
-0.00948416848912258
0.0575013568078015
0.0719739054924645
0.0207779911565087
-0.0493261278387688
-0.0743702221584306
-0.0315476786767864
0.0400162432128555
0.0750103338295675
0.0415422239201332
-0.0297949036030909
-0.073886137304074
-0.0505300098541601
0.0189056267571675
0.0710309473193193
0.0583041273563037
-0.00760643041938189
-0.0665184855204325
-0.0646870812308643
-0.00383628658694321
0.0604609314846153
0.0695347790082261
0.0151540202009662
-0.0530060879703255
-0.0727397146405245
-0.026082446472356
0.044333732758944
0.0742332786331919
0.0363675699406918
-0.0346512478007136
-0.0739871469971337
-0.0457715929032535
0.0241886324573965
0.0720137231769477
0.0540783710194377
-0.0131930211038038
-0.0683656292934743
-0.0610983313422766
0.00192283591786798
0.0631342651186698
0.0666727422891137
0.00935828685960088
-0.0564474746670683
-0.0706772409273932
-0.0203876547242062
0.0484663806524415
0.0730245408695129
0.0309096174325255
-0.0393814658603285
-0.0736662636122931
-0.0406814653736974
0.0294079973074668
0.0725938568544808
0.0494789925951897
-0.0187809035292432
-0.0698385846961483
-0.0571015980477179
0.00774922714297027
0.0654705961653864
0.0633768102139126
0.00342971626901629
-0.0595970997371962
-0.0681641344355396
-0.0144963361061161
0.0523596919190591
0.0713581386073903
0.0251947820649402
-0.0439309071177916
-0.0728907110679237
-0.0352788379793788
0.0345100734438709
0.0727324440539279
0.0445175591443348
-0.0243185744673154
-0.0708931165405588
-0.0527005249557119
0.013594629879344
0.0674212711809711
0.0596425884603772
-0.00258771826097777
-0.0624029009101876
-0.0651880168101961
-0.00844722749863847
0.0559592811090834
0.0692139313470968
0.0192557172978297
-0.0482440025749596
-0.0716329727563493
-0.0295895574233603
0.0394392784819426
0.072395135012547
0.0392125265970197
-0.0297516146392292
-0.071488731278247
-0.0479057454086788
0.0194069463147052
0.0689404750444966
0.0554726179886137
-0.00864535638528182
-0.0648146801612411
-0.0617432353914403
-0.00228450163830033
0.059211603527836
0.0665781432270056
0.0131311462638947
-0.0522649736430208
-0.0698713912623983
-0.0236460439949416
0.044138766513136
0.071552799670757
0.0335892864143285
-0.0350233071795095
-0.0715893949182723
-0.0427350393027079
0.025130789982642
0.0699859875307816
0.0508766407800827
-0.0146903233081836
-0.0667848837241705
-0.0578312342756155
0.00394261469038532
0.062064742662904
0.0634438334794833
0.00686558042899291
-0.0559386104818929
-0.0675907300350245
-0.0174871184214046
0.0485511807300738
0.0701821702629914
0.0276801061757705
-0.0400753481583588
-0.071164244306299
-0.0372133906105435
0.0307081383966069
0.0705199493423053
0.0458717750355144
-0.0206661097043636
-0.0682694075099049
-0.0534608454039802
0.0101803343436104
0.0644692385032176
0.059811299095233
0.000508924030062754
-0.0592111059554411
-0.0647826808306774
-0.0111577144105775
0.0526194753406308
0.068266444366753
0.0215239580357288
-0.0448486387451782
-0.0701882743903936
-0.0313729371842997
0.036079078109849
0.0705096202000931
0.0404825892205578
-0.0265132530653352
-0.069228410889181
-0.0486484871077297
0.0163709119603531
0.0663789404427495
0.0556883954360485
-0.00588403484918006
-0.0620309299890609
-0.0614463012859575
-0.00470847515100087
0.056287792986577
0.065795831723008
0.0151662307533167
-0.0492841469622852
-0.0686429841027866
-0.0252528060665471
0.0411826321502553
0.069928111313777
0.0347410658522159
-0.0321701126429044
-0.0696271212321946
-0.0434182588567142
0.0224533491285316
0.0677518676145531
0.0510907616347149
-0.0122542436571575
-0.0643497279990098
-0.0575883678281736
0.00180476591340851
0.059502382512961
0.0627680287189078
0.00865832300799891
-0.0533238253793546
-0.0665169637723502
-0.018898829458974
0.0459576579806305
0.068755074531952
0.0286864477084842
-0.0375737281985092
-0.0694366112678447
-0.037801922577527
0.0283641950552506
0.0685510588602488
0.0460419390285714
-0.0185391101257117
-0.0661232261186723
-0.0532236302941946
0.00832161750456133
0.0622125407009229
0.0591886053107714
0.00205711791666237
-0.0569115695979508
-0.0638064075698705
-0.0123631386451784
0.0503438023943137
0.0669773307427837
0.0223649611879853
-0.0426607508187667
-0.0686345312651879
-0.0318387627997732
0.0340384331056505
0.0687453941462848
0.0405733725733364
-0.024673325071202
-0.0673121252232643
-0.0483749560956187
0.014777871278567
0.0643715605334234
0.0550712903638026
-0.00457565898202923
-0.0599942010300059
-0.0605155353885629
-0.00570363549358093
0.0542824981317797
0.0645894206738805
0.0158294138041127
-0.0473684321880982
-0.0672057782792913
-0.02557532002827
0.0394104414950034
0.068310369129602
0.0347242871546587
-0.0305897736745306
-0.0678829652949136
-0.0430733535261942
0.0211063437220876
0.0659376677579088
0.0504381428911907
-0.0111741935682444
-0.0625224563366896
-0.0566569097805654
0.00101665636987089
0.0577179855555955
0.0615940621411725
0.00913866523153782
-0.0516356569749607
-0.0651430852647138
-0.0190649940875263
0.0444150144332952
0.0672288047801643
0.0285414329291331
-0.0362205234733345
-0.0678089415101921
-0.0373578658391078
0.0272378095951751
0.0668749269860485
0.0453195984778142
-0.017669441617304
-0.0644519650120186
-0.0522516351032343
0.00773035608236611
0.0605983414959361
0.0580024990250941
0.00235697388253394
-0.055404001444323
-0.0624475137544493
-0.0123675167040569
0.0489884281889198
0.0654914745066504
0.0220786962503464
-0.0414978752123872
-0.0670706536011883
-0.0312753299975585
0.0331020150402712
0.0671540983616217
0.0397543822528383
-0.0239900822597371
-0.0657441960110191
-0.0473294278661117
0.0143665985433976
0.0628764964276727
0.0538347288055907
-0.0044467763704956
-0.0586188001076675
-0.0591288350369156
-0.00554829523567535
0.0530695349096642
0.0630976321190425
0.0153965753289639
-0.0463554607767972
-0.0656567705589123
-0.024879996490677
0.0386287562995265
0.0667534259628168
0.0337892821055734
-0.0300635543829838
-0.066367354068448
-0.0419285493897913
0.0208520061253828
0.0645112204995907
0.0491195973534941
-0.0111999620469771
-0.0612302012051896
-0.0552057863329366
0.00132236782355467
0.0566008656667046
0.0600554251997793
0.00856152249440094
-0.0507293707286469
-0.0635645936268764
-0.0182330092671356
0.0437490079813507
0.0656593396038164
0.0274787783849898
-0.035817161673961
-0.0662972064589003
-0.0360955942664997
0.0271117468566512
0.0654680586428785
0.0438947518343401
-0.0178272085711069
-0.0631941911265219
-0.0507061903683259
0.00817017219261837
0.0595297231145741
0.0563821800418764
0.00164515771881737
-0.0545592925314023
-0.0608005017767553
-0.0114017476255243
0.0483960830446673
0.0638670525735597
0.0208845290459039
-0.0411792299276325
-0.0655178214311516
-0.0298851307126083
0.0330706645044408
0.0657201950639758
0.0382064450052939
-0.0242514689857247
-0.0644735675463763
-0.0456669289328723
0.0149178239282705
0.0618092434270636
0.0521045462319784
-0.00527663912134469
-0.0577896394225373
-0.0573802654603401
-0.00445903476362079
0.0525068051750383
0.0613810391003671
0.0140747120562948
-0.046080298411646
-0.0640222004198181
-0.0233591916848096
0.0386544638442766
0.0652492278962333
0.0321091868382064
-0.0303951780037943
-0.0650388411074052
-0.0401337634856954
0.0214861336289735
0.0633994068077143
0.0472584911889692
-0.0121247469917824
-0.0603706491215726
-0.0533292163808231
0.00251777942738874
0.056022673055906
0.0582153769525025
0.00712322981024131
-0.0504543255291353
-0.0618127873967989
-0.0165866185467337
0.0437909325085882
0.06404583565432
0.0256652422422078
-0.0361814643299372
-0.0648690459419824
-0.0341609985719606
0.0277951935520338
0.0642679759107738
0.0418891374827722
-0.0188179205147741
-0.0622594311724145
-0.0486822632957227
0.00944785089052227
0.0588909952291575
0.0543939425622771
0.000108783242312649
-0.0542398878074196
-0.0589018403674817
-0.00964226206780847
0.0484111792088631
0.0621103184062789
0.0189439766360478
-0.0415354022351968
-0.0639524401957852
-0.0278109867139872
0.0337656162143323
0.0643913419599073
0.0360504385158001
-0.025273989378186
-0.0634209417386755
-0.0434837464245445
0.0162479760669509
0.0610659738251881
0.0499504483700462
-0.00688617374634183
-0.0573813503976258
-0.0553116520245407
-0.00260604855457947
0.0524508668707014
0.059452998242926
0.0120210541808817
-0.0463852817216374
-0.0622870790010993
-0.0211534764789953
0.0393198150423396
0.0637552592282575
0.0298046911058953
-0.0314111225429634
-0.0638288651181463
-0.0377871258450052
0.0228338129154944
0.0625097154490751
0.0449283146919967
-0.0137765861224803
-0.0598299868336573
-0.0510746089216559
0.00443807810405257
0.0558514183463313
0.0560944656647547
0.00497749656942176
-0.0506638753190072
-0.0598812440361642
-0.014264808552173
0.0443833059457299
0.0623554498430786
0.0232218866118539
-0.0371491373961241
-0.0634663821241247
-0.0316545022776636
0.0291211701254726
0.0631931479527061
0.039380371281361
-0.0204760397308367
-0.0615450257920621
-0.0462330811853721
0.0114033248144214
0.0585611719112032
0.0520656608976615
-0.00210138668495469
-0.0543096786506245
-0.0567537158815324
-0.00722696779525801
0.048886007354329
0.0601980625923927
0.0163789054352318
-0.042410832257878
-0.0623268067978104
-0.0251559718252198
0.0350273442517436
0.0630968227123754
0.0333683868288316
-0.0268980749551851
-0.0624946030360112
-0.0408391377048943
0.0182013116946923
0.0605364637324839
0.0474077818543031
-0.00912718256807498
-0.0572681014263951
-0.0529338778182665
-0.000126502386675234
0.0527635153246223
0.0572999715206682
0.0093585629515088
-0.0471233192800528
-0.0604140746568117
-0.0183688194912989
0.0404724827167946
0.0622115833647442
0.0269624278785121
-0.0329575513447416
-0.0626565976237315
-0.0349540848762235
0.0247434096499213
0.061742614937656
0.0421720134359798
-0.0160096568198525
-0.0594925854915209
-0.0484616424690986
0.00694667584824298
0.0559583298211002
0.0536889025781861
0.00224851810679473
-0.0512193338086961
-0.0577430678301645
-0.0113765595920732
0.0453809492148276
0.0605390837223968
0.0202400519630916
-0.0385720406900802
-0.0620193328138779
-0.0286478302742913
0.0309421320106221
0.0621548018168791
0.036419076068724
-0.0226581148945789
-0.0609456269977613
-0.0433871957185163
0.0139005929618462
0.058421008238178
0.0494033793961833
-0.0048599410037197
-0.0546384957632406
-0.0543397649520893
-0.00426783442613915
0.0496826670587014
0.0580921397721046
0.0132853431189366
-0.0436632245843173
-0.060582123895722
-0.0219980760214073
0.0367125572634409
0.0617587890630821
0.0302185947306261
-0.0289828201295204
-0.0615996806789671
-0.0377705556100921
0.0206425966932179
0.060111222664733
0.0444924823529629
-0.0118732173494105
-0.0573284985322677
-0.050241206546017
0.00286481428552707
0.0533144154690784
0.0548949032250019
0.0061878012630344
-0.0481582714811006
-0.0583556573907338
-0.0150893500482006
0.0419737584149126
0.0605515077773477
0.0236482931913751
-0.0348964457009339
-0.0614379256006361
-0.0316809473487619
0.0270808006707037
0.0609986983169399
0.0390154184212393
-0.018696811068854
-0.059246201322581
-0.0454952697822572
0.00992628370237358
0.0562210537412346
0.0509828469998746
-0.000958899870801352
-0.051991167697652
-0.0553621886833228
-0.00801188683415313
0.0466502134745364
0.058541462222187
0.0167930216834087
-0.0403155354196423
-0.0604548736047969
-0.0251959990701015
0.0331255651443071
0.0610640119711065
0.033040902784154
-0.0252367891876282
-0.0603586018277153
-0.0401602498803168
0.0168203376867512
0.0583566486590681
0.0464025562303158
-0.00805826849905103
-0.0551039767348581
-0.0516355481021106
-0.000860372499068199
0.0506731709568846
0.055748951960856
0.0097436296858083
-0.0451619473309125
-0.0586568039623328
-0.0184007666075581
0.0386909888173864
0.0602992311066122
0.0266463568115619
-0.0314012946518556
-0.0606436675075745
-0.034304248992886
0.0234511014916436
0.0596854814632735
0.0412113218385904
-0.0150124437241864
-0.0574480017177748
-0.0472209487415338
0.00626742777691004
0.0539819442144796
0.052206099037345
0.00259569885529447
-0.0493642534753047
-0.0560620104460004
-0.0113865990220866
0.0436963852272482
0.0587083767966621
0.0199169306287925
-0.0371020687704043
-0.0600910056746897
-0.0280043770817409
0.0297245985888757
0.0601829121225968
0.0354765373521731
-0.0217237146156564
-0.0589848267044108
-0.0421745928292624
0.0132721391677852
0.0565251088398363
0.047956673177534
-0.00455184568786544
-0.0528590690637445
-0.0527008501043306
-0.00424986008130927
0.0480677164916367
0.0563076961289239
0.012944362114813
-0.0422559600063324
-0.0587023549461751
-0.021345773009334
0.0355503032625563
0.0598360805874225
0.0292749033831617
-0.0280960842935777
-0.0596872140678947
-0.0365630771455893
0.0200543200679692
0.0582615783259263
0.0430557115718729
-0.0115982245894422
-0.0555922847433414
-0.0486155864013908
0.00290947588399503
0.0517389571209956
0.0531257330565999
0.00582568765989981
-0.0467863914002179
-0.0564918834084488
-0.0144204577453924
0.0408426814049973
0.0586444271032688
0.0226914479754469
-0.0340368521780984
-0.0595398371140411
-0.0304626018156971
0.0265160528578848
0.0591615346474717
0.0375689335676677
-0.0184423702734379
-0.0575201765866883
-0.043860023029952
0.00998933233316152
0.0546533610137746
0.0492031900234645
-0.00133817667895577
-0.0506247587762919
-0.0534862820107558
-0.00732603515199876
0.0455226912696496
0.0566200164921721
0.0158183747725717
-0.0394581863457231
-0.0585398295278495
-0.0239579906523232
0.032562555277919
0.0592071924063023
0.0315719544843268
-0.0249845437823951
-0.0586103699239052
-0.0384989285411007
0.0168871190041291
0.056764605712274
0.044592576410834
-0.00844396193792501
-0.0537117322923566
-0.0497246452036947
-0.000164259186611347
0.0495192157869599
0.0537876545300954
0.00875375459384997
-0.0442786572245344
-0.0566971361157187
-0.0171415350462091
0.0381037838627275
0.0583933776491295
0.0251493066932769
-0.031127974709022
-0.0588426351426307
-0.0326072558878135
0.023501374189599
0.0580377894980255
0.0393576437573317
-0.0153876565142914
-0.0559984348594399
-0.0452581346058463
0.00696051052518328
0.0527703984526676
0.0501847881038742
0.00160007944997476
-0.0484247036943409
-0.0540346525789615
-0.0101116771067285
0.043056000151397
0.0567279053809422
0.0183932799957582
-0.0367804951886276
-0.0582094960783855
-0.0262691649808661
0.0297334326252844
0.0584502589332644
0.0335726117268566
-0.0220661732097313
-0.0574474724706271
-0.0401494254506788
0.0139429400156548
0.0552248557650801
0.0458611846610761
-0.00553729879342071
-0.0518320030540547
-0.0505881456665976
-0.00297155126794528
0.0473432702051506
0.0542317431146928
0.0114025971077825
-0.0418561381578526
-0.0567166345725793
-0.0195768603177737
0.0354890894849135
0.0579922469845975
0.027321192871043
-0.0283790444427138
-0.0580337935283047
-0.0344719396598598
0.0206784120899298
0.0568427407140032
0.0408783904999533
-0.0125518200575462
-0.0544467172872043
-0.0464059489449656
0.00417259318465084
0.0508988683519445
0.0509389514648713
0.00428094364176796
-0.046276669882355
-0.0543830781418155
-0.0126292595927307
0.0406802301833565
0.0566673048595942
0.020695428267648
-0.0342301156566638
-0.0577453568199375
-0.0283088735308752
0.0270647482014231
0.0575966338946192
0.0353089716105441
-0.0193374305187383
-0.0562265895932078
-0.0415484335221519
0.0112130633119848
0.0536665570467139
0.0468963967437177
-0.00286462471982135
-0.0499730271348686
-0.0512411614227826
-0.00553051284342274
0.0452263954677521
0.0544925141004393
0.0137943500330418
-0.039529206128071
-0.056583590825309
-0.0217520321330575
0.0330039306527864
0.057472241410184
0.0292355449892651
-0.025790330459786
-0.0571418672440177
-0.0360872572963109
0.0180424596049641
0.0556017162835248
0.0421632346826323
-0.00992537220601618
-0.0528866303742024
-0.0473362560679422
0.00161160493891232
0.0490562516447896
0.0514984692527556
0.00672249042317057
-0.0441937061373996
-0.0545636304983726
-0.014900486492898
0.0384037938368019
0.0564688817991341
0.022749612526788
-0.0318107246158581
-0.0571760294447593
-0.0301044005787141
0.0245554491026214
0.0566722981068139
0.0368101687011092
-0.0167926419018956
-0.0549705458330354
-0.0427262679954697
0.0086874017924791
0.0521089367609149
0.0477290254982491
-0.000411739327672692
-0.048150079822677
-0.0517143214934875
-0.00785907343372789
0.0431796529685409
0.0545997477268612
0.0159502136253121
-0.0373045432457838
-0.0563263019858833
-0.0236910001900979
0.0306505432105038
0.0568595844162796
0.0309184904962322
-0.0233596534061131
-0.0561904715516137
-0.0374809052629258
0.0155870488246055
0.054335255118234
0.0432408099303525
-0.00749777420404885
-0.0513352440037256
-0.0480779859342576
-0.00073676143405387
0.0472558391063969
0.0518919320619666
0.00894241655345625
-0.0421851018751999
-0.0546039440240287
-0.0169459982543977
0.0362318479731641
0.0561587294057561
0.024578915043013
-0.0295233074280285
-0.0565255250699379
-0.0316807242544566
0.0222024016659342
0.0556986946560754
0.0381024995856237
-0.0144246957693889
-0.0536977948379849
-0.043709948176831
0.00635509099466811
0.050567110225295
0.0483862121415253
0.00183567210997356
-0.0463746679923617
-0.0520342962589026
-0.00997462583371541
0.0412107542490738
0.0545790715689905
0.0178902262914259
-0.0351859646087368
-0.0559688136709845
-0.0254159662573292
0.0284288311349398
0.0561762444300525
0.0323938738308085
-0.0210830766630851
-0.0551990563339805
-0.0386778235179099
0.0133045552089988
0.0530599096857272
0.0441365904464394
-0.00525794363617204
-0.0498059039400938
-0.0486565840154623
-0.00288674517483134
0.0455075355574848
0.0521442041861352
0.0109577538314146
-0.0402571655224976
-0.0545277717046298
-0.0187852007680849
0.0341670299345131
0.0557589926351205
0.026204653161705
-0.027366836606718
-0.0558139274753889
-0.0330605773533963
0.0200009992117799
0.054693445623553
0.0392095944703429
-0.0122255680069592
-0.0524231568348142
-0.0445234732173618
0.00420492240608276
0.0490528223264739
0.0488917975023703
0.00389170448841615
-0.0446552591228948
-0.0522242535507888
-0.011893795920302
0.0393247618517045
0.0544524892983344
0.0196331408009997
-0.0331750762859745
-0.0555315079576623
-0.0269473668170601
0.0263369682632273
0.0554405675371478
0.033683343188753
-0.0189554400080078
-0.0541835685394526
-0.039700381865012
0.0111866531658247
0.0517889228643222
0.0448731703470966
-0.00319462387334834
-0.0483089078542939
-0.0490943751336445
-0.00485224018092905
0.0438185202266646
0.0522768618441994
0.0127846876017978
-0.0384138551011178
-0.0543554862589428
-0.0204361813281788
0.0322100452443173
0.0552884196310201
0.0276463921255813
-0.0253388048003984
-0.0550579814938604
-0.034264554320273
0.0179456299731413
0.0536709635873609
0.0401526136322527
-0.0101867161997823
-0.0511584392465247
-0.0451881014946742
0.00222565716434704
0.047575063407315
0.0492666761433133
0.00577000457982372
-0.0429978790594652
-0.0523042778927487
-0.0136323026610636
0.0375246562933894
0.0542388542344782
0.0211963734810873
-0.0312717998305066
-0.0550316195202046
-0.0283039103578577
0.0243718698922875
0.0546678238373905
0.0348064729233801
-0.0169707692658995
-0.0531570160363718
-0.0405685826856723
0.00922465629997254
0.0505327965093553
0.0454705403087445
-0.00129664916921264
-0.0468520660291734
-0.0494109061497947
-0.00664660902970785
0.0421937875040856
0.0523085927866282
0.014438452034473
-0.0366572876746725
-0.0541045265198985
-0.0219156854759653
0.0303601353563124
0.0547628439667613
0.0289220020005581
-0.0234356416196817
-0.0542715996816394
-0.0353112450616563
0.0160300351165794
0.0526429710396175
0.0409504533204872
-0.00829937244111554
-0.0499129571800396
-0.045722622348791
0.000406248828260921
0.0461405794121728
0.0495291263915243
0.00748362147666823
-0.0414066009078773
-0.0522917501979381
-0.0152048832735367
0.0358117935310253
0.0539542892074549
0.0225960039250163
-0.0294747890713053
-0.0544836855091504
-0.0295026498434296
0.0225295607651361
0.0538706767844269
0.0357809054407188
-0.0151225886207825
-0.0521299456885937
-0.0413002674922464
0.00740976856102602
0.0492997676089147
0.0459463527164631
0.000446869377961319
-0.04544116523869
-0.0496232625134743
-0.00828256470459716
0.0406365887059601
0.0522555561043045
0.0159332805058962
-0.034988149878944
-0.0537897916143394
-0.0232391354831853
0.0286154487314811
0.0541956037711986
0.0300477422368675
-0.0216530380989616
-0.0534662966493742
-0.0362173821688902
0.0142475806140999
0.0516189400822914
0.0416199509422565
-0.00655475792860579
-0.0486939687658416
-0.0461436133814213
-0.00126400262766521
0.0447542934761727
0.0496951129065546
0.00904491512608851
-0.0398839440027564
-0.0522016879376025
-0.0166252648081048
0.0341862731414855
0.0536125560231811
0.0238468087584009
-0.0277817602021841
-0.0538999355694554
-0.0305590764633591
0.020805460768352
0.0530595847721091
0.0366225014831604
-0.0134041567361595
-0.0511108474865384
-0.0419113191447776
0.00573326680300022
0.0480962060939709
0.0463161701926976
0.00204641755119034
-0.0440803517186263
-0.0497463566070289
-0.00977210204333842
0.039148792209843
0.0521317031795961
0.0172823949168367
-0.0334060279108937
-0.0534239867719942
-0.0244206764250772
0.0269733341967608
0.0535979042887488
0.0310383621755196
-0.0199861978890279
-0.0526515600916718
-0.0369979924075139
0.0125914617797335
0.0506064636545956
0.0421760830571191
-0.0049442374737652
-0.0475070385003984
-0.0464656795715123
-0.00279534853632964
0.0434196536594719
0.0497785607656038
0.010465507305587
-0.038431198829091
-0.0520470474281578
-0.0179061682156222
0.0326472338887938
0.0532253787290409
0.0249623174890245
-0.0261897522422526
-0.0532906285732766
-0.0314872248618122
0.0191946054285228
0.0522431437046841
0.0373454913174383
-0.011808643410234
-0.0501064953748693
-0.0424158546596721
0.00418663076172989
0.0469269465560068
0.0465936948852147
0.00351199647332822
-0.042772446773896
-0.0497931876987433
-0.0111264652994344
0.0377311764624293
0.051949061958409
0.0184980219433122
-0.0319096720863496
-0.0530179251889477
-0.0254732396609623
0.0254305719535046
0.0529791303790412
0.031907209307899
-0.0184300304610414
-0.0518351668963685
-0.0376665463904784
0.0110548553309787
0.0496115683075117
0.042632152277671
-0.00345942805035228
-0.0463563399722056
-0.0467016725057371
-0.00419752787634972
0.0421389192816688
0.0497916015369036
0.0117562632171569
-0.0370486911214634
-0.0518389908037031
-0.0190593345781805
0.0311930903586519
0.0528027252239256
0.0259548818021319
-0.0246953316896316
-0.0526643424306927
-0.0322997830279816
0.0176918148639159
0.0514283785394835
0.0379626219274826
-0.0103292599613182
-0.0491222341665312
-0.04282640567944
0.0027616329094221
0.0457955644158359
0.0467909775581845
0.00485307432654225
-0.0415192064556009
-0.0497750744847649
-0.0123561415552629
0.0363836679041774
0.0517179873815499
0.0195914273584847
-0.0304972083405449
-0.0525807905242363
-0.026408616412076
0.0239835546582911
0.052347115124047
0.032666339644903
-0.0169792985198843
-0.0510234519085249
-0.0382351025329967
0.00963103068673475
0.0486389773005098
0.0429999609498235
-0.00209227236517944
-0.0452449077192585
-0.0468628893669081
-0.00547973218833728
0.04091339633501
0.0497447927104412
0.0129272948023425
-0.0357359960989737
-0.0515871206891285
-0.0200955659062023
0.02982172184415
0.0523530517598037
0.0268357521331021
-0.023294752526936
-0.0520282229131323
-0.0330082022027946
0.0162918220808643
0.0506209909537822
0.0384852971473132
-0.00895935373370877
-0.0481622207208251
-0.0431540851392468
0.00145039786445304
0.0447046055379567
0.0469186066084141
0.00607856255741268
-0.0403215348984162
-0.0497018618802719
-0.0134708722808264
0.0351055337712825
0.0514473810926406
0.0205729619255806
-0.0291663067729635
-0.0521203644940879
-0.0272375362510139
0.0226284285941738
0.0517083702182156
0.0333266263990181
-0.0156287293438133
-0.0502215360765364
-0.0387144429247508
0.00831342971567338
0.0476923316221937
0.0432899706911013
-0.00083508597494404
-0.0441748465030019
-0.0469592521808954
-0.00665059140346841
0.03974363074457
0.0496473123564671
0.0139879791121405
-0.0344921118823355
-0.0512996857342634
-0.0210247749526889
0.0285306226013011
0.0518835146792907
0.0276151571748723
-0.0219840805683534
-0.0513881968894353
-0.0336228037256839
0.0149893692833729
0.0498255694439695
0.0389237089551637
-0.00769247489130338
-0.0472296264377708
-0.0434087396515537
0.000245438858258734
0.0436557769125238
0.0469858778014281
0.00719680987632606
-0.0391796593272948
-0.0495821040745847
-0.0144796772792535
0.0338955379853597
0.0511448835792071
0.0214521141358142
-0.0279143154637127
-0.0516432237610727
-0.0279697468822578
0.0213612029962316
0.0510682832580146
0.0338978645132947
-0.0143730977810536
-0.049433519879336
-0.039114199828591
0.00709572217162947
0.0467743754662472
0.0435114476670878
0.00031941545195308
-0.0431475050022685
-0.0469994683418978
-0.00771817474783539
0.0386295667844206
0.0495071311178614
0.0149469867641483
-0.0333155995400639
-0.0509837601250941
-0.021856040029923
0.0273170208939826
0.0514001534190716
0.0283023833186637
-0.0207592893794989
-0.0507491548053602
-0.0341528808711449
0.0137792790866095
0.0490457673608804
0.0392869590423189
-0.00652242190815873
-0.0463268071074784
-0.0435990877760725
-0.000860322938411092
0.0426501048317496
0.0470009459155208
0.00821560896525066
-0.0380932733986482
-0.0494232260047445
-0.0153908867411838
0.032752066882229
0.0508170417945643
0.0222375663912347
-0.0267383662499287
-0.0511549099678786
-0.0286140927424984
0.0201778340135693
0.0504312864779021
0.034388869521529
-0.0132072870431417
-0.0486626471596103
-0.0394429722532655
0.00597184249031983
0.0458871117379918
0.0436725940010162
0.00137810363042154
-0.0421636198199324
-0.0469911737252173
-0.00869000229612762
0.0375706767239948
0.0493311637057963
0.0158123168099915
-0.0322046958821008
-0.0506454000309184
-0.0225976619600551
0.0261779728559346
0.0509080484422491
0.0289058520087525
-0.0196163335788388
-0.0501151066743371
-0.034606794524928
0.0126565061039791
0.0482844536450329
0.0395831703779654
-0.00544327077766304
-0.045455445257116
-0.0437328447491916
-0.00187355175402295
0.0416880659607309
0.0469709596857946
0.00914221204586756
-0.0370616544085111
-0.0492316654053729
-0.0162121782540865
0.0316732303217071
0.0504694551160086
0.0229372522227125
-0.0256354578928451
-0.0506600763881831
-0.0291785907863124
0.0190742885120877
0.0498010009292413
0.0348075698963508
-0.0121263321664766
-0.0479114437843892
-0.039708432543618
0.00493601238891586
0.045031932330645
0.0437806660287264
0.00234743598333579
-0.0412234347467125
-0.0469410598311731
-0.00957306383331141
0.036566066741607
0.049125402023107
0.0165913353137199
-0.0311574040186542
-0.0502897797283987
-0.0232572211444383
0.0251104360609152
0.0504114573807083
0.0294331937049608
-0.0185512041822263
-0.0494893153158806
-0.0349920621123799
0.0116161732449004
0.0475438403601245
0.0398195888945009
-0.00444939186724161
-0.0446166693575877
-0.0438168344884875
-0.00280049977619093
0.0407696958265579
0.0469021815179077
0.00998335241052124
-0.0360837589513494
-0.0490129975094861
-0.0169506164627388
0.0306569427210238
0.0501069022584968
0.0235584128673629
-0.0246025210397566
-0.0501626142874326
-0.029670502429889
0.018046591892388
0.0491803595895197
0.0351610925103135
-0.0111254500021248
-0.0471818349277474
-0.0399174232583208
0.003982752739464
0.0442097271829396
0.0438420802891882
0.00323346177980262
-0.0403267994194702
-0.046854986435977
-0.0103738425155151
0.0356145632747652
0.0488950319291329
0.0172908156816844
-0.0301715657958798
-0.0499213098970781
-0.0238416333684345
0.0241113267663415
0.0499139322961294
0.0298913176614862
-0.0175599697279508
-0.0488744100903611
-0.0353154395808556
0.0106535961578347
0.0468255905346645
0.0400026756769441
-0.00353545748402259
-0.0438111535779405
-0.0438570898138735
-0.00364701629375118
0.0398946785082743
0.0468000934373237
0.010745269748174
-0.035158300822278
-0.0487720443447177
-0.0176126937198703
0.0297009877318165
0.0497334515120467
0.0241076520734698
-0.0236364685501458
-0.0496657617229626
-0.030096401060404
0.0170908632679811
0.0485717124245594
0.0354558411568756
-0.0102000587887252
-0.046475244219204
-0.0400760448071849
0.00310688742138077
0.0434209755070262
0.0438625082252437
0.00404183377931187
-0.03947325083045
-0.0467380811923137
-0.0110983414609037
0.0347147832556804
0.0486445355141001
0.0179169793411204
-0.0292449194734749
-0.0495437403277097
-0.0243572034247162
0.0231775640426385
0.0494184206171259
0.0302864770972259
-0.0166388061757773
-0.0482724839401592
-0.0355829965004255
0.00976429853455839
0.0461309093072399
0.0401381901963101
-0.00269644253854252
-0.0430392011995926
-0.0438589418775599
-0.00441856140571346
0.0390624206850317
0.0466694906840691
0.0114337376568038
-0.0342838142964067
-0.0485129704121676
-0.0182043705483999
0.028803069605092
0.0493525564198699
0.024590988399505
-0.0227342340765474
-0.0491721971764533
-0.0304622348273008
0.016203340682438
0.0479769160131785
0.0356975682913544
-0.00934578972252375
-0.0457926775224349
-0.0401897344378169
0.00230354125796683
0.0426658220427887
0.0438469605905147
0.00477782362485767
-0.0386620805715664
-0.0465948275497425
