0.302744832877164
0.360658988020288
0.410777781617506
0.444464378062125
0.452502682308309
0.426738325448083
0.362176471072817
0.259171905740035
0.125148682759362
-0.0248206105464495
-0.169179314034679
-0.283100219512376
-0.343527501351926
-0.33516526971037
-0.25592080794545
-0.119996408791034
0.0429658214132503
0.19343601865991
0.291614408454931
0.308918194173421
0.237935365558456
0.0971760758763892
-0.0720018024166333
-0.216612434279417
-0.288761359807854
-0.262632636297853
-0.145459813062683
0.0225335694274632
0.180675807338563
0.269509641062555
0.253978224041749
0.138838493931517
-0.0309435351539411
-0.186527709921674
-0.262887346114566
-0.226826533541414
-0.0929402867776394
0.0806866104254166
0.216724275158923
0.25311228620357
0.172411746305199
0.0116705440233414
-0.153279329207416
-0.243107737710389
-0.213667985130785
-0.0789595871456827
0.0941391081093458
0.218251839479059
0.229735150267492
0.122295289412964
-0.0482533744162031
-0.192004155605439
-0.232208207285664
-0.146989118855104
0.0175466225881975
0.171229862131557
0.228943895572988
0.15833023635277
-0.000975062494355156
-0.158582023781476
-0.22426837914571
-0.160086904230178
-0.00328772318492134
0.154344455515941
0.219849568394261
0.154326522350309
-0.00303463499933377
-0.157504900771099
-0.21551667884698
-0.141752616194439
0.0184733924618065
0.166247202889287
0.209870272347959
0.122203917907207
-0.0416069978676047
-0.178111791816268
-0.200740175454523
-0.0951956897291472
0.0707117151523592
0.190033468740466
0.185599506745057
0.0604731748595894
-0.103406908439128
-0.1984150190554
-0.162025655576341
-0.0185557599192209
0.136402425322744
0.199351363741724
0.128251864480719
-0.0287800275416774
-0.165449583164549
-0.189073260725355
-0.0837897177508098
0.078172762621126
0.185587708456025
0.164620182608278
0.0300318594906694
-0.124629468606474
-0.191744463652522
-0.124673869765423
0.0293211571228695
0.161886530911697
0.179678485258271
0.0703940695886124
-0.0882053184903572
-0.183256614104329
-0.14714820533223
-0.00601679616429046
0.138692858947005
0.182935472861471
0.0950691241976435
-0.0610649672526209
-0.172148304726287
-0.157591133496828
-0.0283189219173682
0.120982811363705
0.18098263934809
0.10789246185697
-0.0441867059353203
-0.162945751180369
-0.160733440556948
-0.0395095337300717
0.110448848978943
0.177539958067518
0.111984004891271
-0.0368998851375397
-0.157460222021225
-0.159361597335178
-0.0414982773567923
0.107060698861242
0.174160051229246
0.109307188577586
-0.0380245759421266
-0.155831944292698
-0.154655882367354
-0.0357208756355385
0.109925238978847
0.170917298750492
0.100804806616543
-0.0462894340537914
-0.157178811922018
-0.14665763287081
-0.0231718678260918
0.117658358054468
0.166921771597557
0.086734208125648
-0.0603639693498974
-0.15995147313943
-0.134707875573134
-0.00464533023913177
0.128489850871066
0.160690938295758
0.067051853492444
-0.0787222411867394
-0.162135850658085
-0.117843174773604
0.0189588795725058
0.140266579915806
0.150457701455488
0.0417967918776942
-0.0994706381638069
-0.161420549520844
-0.0951726135315773
0.0463401265780286
0.15046781832723
0.134481655631647
0.0114497455963481
-0.120227299555092
-0.155410079780044
-0.0662505087307271
0.0755693008201464
0.156309231898543
0.111398620199167
-0.0227623911469824
-0.13811802872444
-0.141926787873436
-0.0314314581032677
0.103982593301855
0.154980595045676
0.0806046482130938
-0.0586644922029176
-0.149936116503638
-0.119404412427786
0.0078376220689612
0.128249572064347
0.144028231331605
0.0426307446017102
-0.093094957695061
-0.152489185023379
-0.0873336112013879
0.0488594871743409
0.144655437254884
0.12185196032426
-0.000570388093573051
-0.122091327430531
-0.143118987942961
-0.0466781399108477
0.0877436604252404
0.149606126436442
0.0882399479477561
-0.0455255324882302
-0.141336283118263
-0.120330881999388
-0.000147986773989793
0.119745785829965
0.140315001109795
0.0448216393233408
-0.0874277280400663
-0.146852547474779
-0.0844163797844368
0.0477956155724762
0.139913516793638
0.115568020297429
-0.00470780525317249
-0.120672298896312
-0.135867421010323
-0.0379090901665056
0.0913071938098313
0.143993133971673
0.0764049555276052
-0.0547335216753972
-0.139737943371815
-0.107693494986554
0.014300725857333
0.12393949933886
0.129464832674563
0.0265172554524643
-0.098331795054139
-0.140314553485187
-0.0644124247181111
0.0653384299494453
0.139788232254828
0.0964929714831432
-0.0278304979944404
-0.128347289778057
-0.120478185536257
-0.0111282274853687
0.107267358802523
0.134829062715611
0.0485280220790832
-0.0784840685119449
-0.138811597160842
-0.0816342383683369
0.0444032414341199
0.132495106941475
0.10816905358741
-0.00769304650898684
-0.116692383048037
-0.126444819644987
-0.0289251361639659
0.0928518058202825
0.135444407331012
0.062872250433385
-0.0629137663340014
-0.134848169055489
-0.0918812653644493
0.0291447838385489
0.12501085033857
0.114131954265921
0.00603728097541494
-0.106894785711049
-0.12834501677835
-0.0402344037041463
0.0819679202864843
0.133833120455084
0.071225048940412
-0.0520765725197537
-0.130509497887312
-0.0970974878008417
0.0193034233124313
0.118857382822403
0.116353381406434
0.0141789448807556
-0.0998656934041634
-0.127977756498833
-0.0462494201053245
0.0749379108580432
0.131473967887563
0.0749663833862377
-0.0457820404438493
-0.126864512349832
-0.0986757514723125
0.0142898995472176
0.114660520070624
0.11609425113176
0.0175861922277148
-0.0958043264011756
-0.12636505458767
-0.0479518684737252
0.0715906750934029
0.129084780908592
0.075077848017882
-0.0435728109803993
-0.124302599108997
-0.0974905203821828
0.0134599985658142
0.112493675716277
0.114042168733668
0.0169871117054724
-0.0945104357474452
-0.123958487031546
-0.0460573036340194
0.0715160170998281
0.126862498750505
0.0721805695518254
-0.0449048811890106
-0.12277533813975
-0.0940065471337961
0.0162158031019605
0.112095550802713
0.110466402796259
0.0129575755373156
-0.0955595633957659
-0.120816085681201
-0.041053753703321
0.0741867331987366
0.124660015110146
0.0666235885673825
-0.0492129031476341
-0.12195534464348
-0.0884000736630143
0.0220166565007759
0.112997919529402
0.105354846595209
0.00595750035781303
-0.0983918741213293
-0.116739480875646
-0.0332749763390379
0.0790054757083466
0.122110518968853
0.0585822649117929
-0.0559162961019649
-0.12133807789325
-0.0806702612721124
0.0303490776241365
0.114598665830986
0.0985271607864765
-0.00360976059856076
-0.102353556554748
-0.11137905793332
-0.0229809321221454
0.0853146543606661
0.118717081979001
0.0481511822874792
-0.0644002299421271
-0.120310617944717
-0.0707362163077614
0.0406832094351671
0.116206837052009
0.0897285328188598
-0.0153348542121845
-0.106717372617948
-0.104318377030025
-0.0104333160608299
0.0923935036446955
0.113923187611192
0.0354266184494287
-0.0739916332899281
-0.118205321564333
-0.0585208077726844
0.0524311630935883
0.117077928997545
0.0787099913954761
-0.0287470620587426
-0.110699379595654
-0.0951470571289163
0.00403951352362311
0.0994571161842132
0.10717525421419
0.0205770019795577
-0.0839422125897841
-0.11435003443707
-0.044022953194015
0.0649162318644879
0.116450732208884
0.0652993085019391
-0.0432722101268758
-0.11348211894856
-0.0835276443336491
0.0199917282880997
0.105666290661321
0.0979833987519368
0.00389991975223378
-0.0934257234156997
-0.108121226055581
-0.0273784932515648
0.0773586478225468
0.113591795085583
0.0494636530344576
-0.0582081422893268
-0.114249762003521
-0.0692582245036115
0.0368265207919823
0.110153022086134
0.0859824470846144
-0.0141366924498894
-0.101553690791188
-0.0990020631274402
-0.0089078013859201
0.0888815704166554
0.107849408218286
0.0313624074893082
-0.0727211159456026
-0.112236987590447
-0.0523292769177345
0.0537831155554304
0.112063346461555
0.0709916731966286
-0.0328724437845243
-0.107411353259809
-0.0866438713841549
0.0108533270365937
0.0985393027984095
0.098715583603195
0.0113864171081245
-0.0858655021452978
-0.106790206303268
-0.0329707403310539
0.0699472177236821
0.11061645592873
0.053068984195323
-0.051455032576304
-0.110113231978557
-0.0709265535950347
0.0311437842897721
0.105367809527036
0.085891605521848
-0.00982132537173989
-0.0966277080469718
-0.097436914559358
-0.0116836306140059
0.0842868020256326
0.105176295504239
0.0325533398858099
-0.0688664250375375
-0.108875193439852
-0.0520113687877645
0.050992367860635
0.108455283533069
0.0693503846479513
-0.0313687797471088
-0.103993148378917
-0.083956479191392
0.0107500485640271
0.09571331223151
0.0953292732592203
0.0100882397581841
-0.0839761022592534
-0.103097236640672
-0.0303781776950074
0.069260971507606
0.107027852708051
0.0493872169929967
-0.0521460522508905
-0.107032456825923
-0.0664437093286781
0.0332848088822587
0.103165773088043
0.0809594779099484
-0.0133807247679016
-0.0956203592715729
-0.0924487302199531
-0.00683901278828873
0.0847163391710705
0.100542778459612
0.0266498703045493
-0.0708869497509527
-0.105000201675387
-0.0453554471482904
0.0546605538850842
0.105712255815552
0.0623112218526721
-0.0366398649445143
-0.102703508987725
-0.0769458052150072
0.0174791953443626
0.0961278433118819
0.0887790546966232
0.00213942335794869
-0.0862601168409683
-0.0974365363300952
-0.0215303957946392
0.0734839145892488
0.102659963499804
0.0400281638798596
-0.0582759330833276
-0.104313391317875
-0.0570094739643947
0.0411876351972184
0.102385095663048
0.0719136040498325
-0.02282487941384
-0.0969852123209591
-0.0842599389568776
0.0038262690347397
0.0883393494768987
0.0936623914580583
0.0151590179074594
-0.0767785119908035
-0.0998402894092507
-0.0334931674965435
0.0627257849600558
0.10262547837976
0.0505707211986694
-0.046680314263391
-0.101965521697589
-0.0658379592175203
0.02919919102771
0.0979230108350014
0.0788100906956494
-0.0108778939762971
-0.0906711245503861
-0.0890857564647794
-0.00767003213027782
0.0804856914362242
0.0963584532969737
0.0258333820571496
-0.067734114224199
-0.100424600385268
-0.0430231197285235
0.0528616026330185
0.101188085221742
0.0586910121026536
-0.0363752325763838
-0.0986612433084279
-0.0723465056180161
0.0188264016765373
0.0929623405462747
0.0835713572083468
-0.00079228339772868
-0.0843097352647036
-0.0920316181564703
-0.0171431054849252
0.0730129955876996
0.0974866647683201
0.0344076165264979
-0.0594613345120998
-0.0997950716857294
-0.0504588785444071
0.0441097975096183
0.0989172282599503
0.0648008648287035
-0.0274636939903462
-0.0949147024785961
-0.0769986375355445
0.01006180346679
0.0879464573299035
0.0866908588668802
0.0075410908246208
-0.0782621182952853
-0.0935997395009318
-0.0247917837611593
0.0661925752937979
0.0975381829456499
0.0411558012955587
-0.0521382756488809
-0.0984139771221597
-0.0561336090253133
0.0365556247243648
0.0962309786092074
0.0692754043010101
-0.019941956457752
-0.0910873277298031
-0.0801940760652814
0.00281956626066654
0.0831708213238734
0.0885759835632828
0.0142806867021879
-0.0727516521378845
-0.0941892803461718
-0.03083570188887
0.0601727970729717
0.0968895910913522
0.046345894510479
-0.0458383992062437
-0.0966229330986829
-0.0603499276200354
0.0302005390513075
0.0934258593070539
0.0724380021542543
-0.0137448278797184
-0.0874228827998621
-0.0822633417248215
-0.00302472057192508
0.0788213216671548
0.089551571841325
0.0196010742641277
-0.0679037756093506
-0.0941077630929571
-0.0354893616214451
0.0550185099029942
0.0958209823737903
0.0502214014470457
-0.0405680767110375
-0.0946662732019343
-0.0633691707248483
0.0249965469510332
0.0907040632632926
0.0745568383790822
-0.00877575713986645
-0.0840770722878255
-0.0834710439927177
-0.00760900571130248
0.0750048641569062
0.0898691592659088
0.0236734521215979
-0.0637762518495916
-0.0935853347092717
-0.0389484485832515
0.0507398208031301
0.0945342026919535
0.0529934823754979
-0.0362928841013133
-0.0927121784387617
-0.0654090582056087
0.0208692205267288
0.0881963708427478
0.0758476915261475
-0.00492597315581138
-0.081141183052158
-0.0840232112629457
-0.0110698985958865
0.0717727468481386
0.0897181394736404
0.0266552168568852
-0.0603813931683464
-0.092788975409055
-0.0413838440694911
0.0473124122775654
0.0931692747447047
0.0548392319473116
-0.0329553998121616
-0.0908704795268967
-0.0666459182193798
0.0177325182718435
0.0859805187922058
0.0764796659483554
-0.00208602682995275
-0.0786602620898776
-0.0840759850183371
-0.0135345547925307
0.0691379665965485
0.0892368263659171
0.0286852802686712
-0.0577019116461583
-0.0918352951059119
-0.0429402482138992
0.0446914609810659
0.0918182872245753
0.0559033688399761
-0.0304868317573348
-0.0892070142940217
-0.0672191099779546
0.0154978794472295
0.0840954400271284
0.0765819415844288
-0.000152228670561774
-0.0766467098291538
-0.08374423962575
-0.0151169086814641
0.0670877082953681
0.0885224576259515
0.0298828849592676
-0.0557019284768362
-0.0908014257371395
-0.0437374025581534
0.0428208794819406
0.0905366914395573
0.0563016153770415
-0.0288142945911385
-0.0877548713659702
-0.0672362523245695
0.0140794297469479
0.0825520387458213
0.0762505017277623
0.000970238516682765
-0.0750902241022934
-0.0831094343435858
-0.015916596234514
0.0655921567235437
0.087639786702635
0.0303484352503412
-0.0543344198036623
-0.089733974422734
-0.0438726426889782
0.0416392318972687
0.0893522555423853
0.0561247382785595
-0.0278651005209682
-0.0865230154327829
-0.066778484309313
0.0133966196292252
0.0813411960534638
0.0755543230888047
0.00136629923336
-0.0739649418609929
-0.0822264327763443
-0.0160194623501612
0.0646105812833228
0.0866282333601112
0.0301653943240399
-0.0535461051626271
-0.0886562190867133
-0.043424008471372
0.0410833409120358
0.088272040604842
0.0554426660008627
-0.0275690524513229
-0.0855028081482406
-0.0659053640991607
0.0133752205882609
0.0804396349675178
0.0745408207572172
0.00111122410873313
-0.0732344866678888
-0.081129257487952
-0.0154989340467006
0.0640954459309138
0.0855077190136795
0.0294026588244405
-0.0532805421987676
-0.0875738104493604
-0.0424534620956607
0.0410903313066225
0.0872877763176631
0.054308374769429
-0.027859439934519
-0.0846728907110843
-0.064659237517673
0.0139473134477058
0.0798141728679113
0.0732405109511734
0.000271577287479159
-0.072855486183206
-0.0798358625478343
-0.0144178044948099
0.0639951201208532
0.0842833745651771
0.0281170589469761
-0.0534799925979702
-0.0864792557427085
-0.0410099678744288
0.0415986442587673
0.086379980535022
0.0527614018273009
-0.0286732248485147
-0.0840028218083522
-0.0630690342985096
0.0150506949955226
0.0794247852698251
0.0716709410377596
-0.00109348362297606
-0.0727799952861985
-0.0783520542158599
-0.0128301483729664
0.0642556211419936
0.08294931911697
0.0263557837730855
-0.0540864692115657
-0.0853554369259896
-0.0391323124544523
0.0425483990976802
0.0855211154587136
0.0508309402895196
-0.029950749758345
-0.083455789330355
-0.0611535165699284
0.0166279843743211
0.0792268110344401
0.0698399738988016
-0.00293077971608999
-0.0729571536870715
-0.0766747003252301
-0.010783203276459
0.0648217037892017
0.0814916935088949
0.0241586262588227
-0.0550422573510825
-0.0841783800662739
-0.0368516176505855
0.0438813642617049
0.0846780190550213
0.0485385218562452
-0.0316351931375999
-0.0829906458515602
-0.058924034561236
0.0186256114267574
0.0791725504997908
0.0677485238506264
-0.00519169279100012
-0.073334321989648
-0.0747943604056567
-0.00831912460253057
0.0656375259308178
0.0798911076523933
0.0215599994786775
-0.0562901168331035
-0.0829194537003233
-0.0341935392502852
0.0455407168818635
0.0838138003840415
0.045900318816582
-0.0336719199841756
-0.0825634598259304
-0.0563868544002045
0.0209928023480157
0.0792124447641666
0.0653928370520819
-0.00783083845144233
-0.0738578745317137
-0.072697451708583
-0.00547656639899596
0.0666470531377984
0.0781246329950818
0.0185907088549384
-0.0577733085507065
-0.081547137638576
-0.0311801662857221
0.0474707122239626
0.0828893446112821
0.042929106334808
-0.0360078244460602
-0.082128727157372
-0.0535451216078592
0.0236806336192655
0.0792959748092818
0.0627663983295441
-0.0108048755895877
-0.0744737775191072
-0.0703680468659685
-0.00229206771967664
0.0677943172717242
0.0761674450827331
0.0152794831247276
-0.0594355441973585
-0.0800284719630947
-0.0278316444643544
0.0496163435043789
0.0818645380419423
0.0396359268719293
-0.0385907258190652
-0.0816403502590275
-0.0504005171692628
0.0266411961467621
0.0793723810059727
0.0598615329657593
-0.0140714751528974
-0.0751280436261447
-0.0677893799597402
0.00119876041111806
0.0690236086217537
0.073994197832711
0.0116542755998435
-0.0612209255489376
-0.0783302694320916
-0.0241675498004102
0.051923044303964
0.0806992950072886
0.0360314949965478
-0.0413688555466194
-0.0810524623952732
-0.0469546541656937
0.0298268927707751
0.0793912745033976
0.0566707585935525
-0.0175884575075805
-0.0757671264455098
-0.0649451207219385
0.00496024392194689
0.0702796554877776
0.0715801913299164
0.00774335066247539
-0.0630739168052587
-0.0764201528741432
-0.0202080371894189
0.0543364662244398
0.079354445869393
0.0321273753037646
-0.0442904569689861
-0.0803201524517053
-0.0432102537411992
0.0331898803386381
0.0793031900390396
0.053187930073114
-0.0213130997181527
-0.0763382975707792
-0.0618204619479245
0.00895584290842383
0.0715078264403538
0.0689023786383783
0.00357617083107221
-0.0649393772159998
-0.0742674618424694
-0.0159747856611261
0.0568023508800187
0.0777925277623537
0.0279369601462384
-0.0473035089580939
-0.0794001279032474
-0.0391721306067728
0.0366816599628263
0.0790601131515586
0.0494092096056302
-0.0252016095174585
-0.0767900338304675
-0.0584030530441726
0.0131475279163926
0.0726543769029217
0.0659402439481722
-0.000815901369396601
-0.0667626696065222
-0.0718440591252395
-0.0114917584862215
0.0592665058906653
0.0759785059941079
0.0234762681825168
-0.0503555774475104
-0.0782513404767911
-0.0348480108100603
0.0402528142931024
0.0786160023121676
0.0453338854705303
-0.0292087602394851
-0.077072430859887
-0.0546838027722452
0.0174953257456219
0.0736667517633458
0.0626765739190083
-0.00539907417570463
-0.0684898520690256
-0.0691250570272298
-0.00678579285242137
0.0616748879078019
0.0738804434800856
0.0187645797634341
-0.0533937940082531
-0.0768355888955326
-0.0302491982718878
0.0438528875474007
0.0779273170975762
0.0409650556009122
-0.0332876796220998
-0.0771376507471651
-0.050657566431995
0.0219570254760481
0.0744939483916448
0.0590981359063929
-0.0101367591561376
-0.0700679540002225
-0.0660894750842378
-0.0018870308135148
0.0639737909404527
0.0714701275025545
0.0138249210738376
-0.0563649572075791
-0.075118105415689
-0.0253911016116276
0.0474304019683049
0.0769535564442114
0.0363101865796638
-0.0373897845888632
-0.0769404051566944
-0.0463237266636948
0.0264880358114771
0.0750869389772062
0.0551962704788784
-0.0149893562127086
-0.0714453331538374
-0.0627208345790721
0.00317079919148373
0.0661101347342081
0.0687236569629006
0.00868440575543925
-0.0592157499807499
-0.0730681270665107
-0.020293628969011
0.0509330028515541
0.0756578056857889
0.0313815543658085
-0.0414648535404144
-0.0764384705651615
-0.0416866724791166
0.0310413851277056
0.07539914698026
0.0509674009213309
-0.0199141827210856
-0.0725721069610557
-0.0590076905156745
0.00835024270338486
0.0680318452702631
0.0656219887127128
0.00337444041930457
-0.0618930642938594
-0.0706594481651772
-0.0149814557637611
0.0543077230580415
0.0740072870713001
0.0261965699634435
-0.045461227127607
-0.0755932286483639
-0.0367561778186677
0.0355678556792497
0.0753869693577257
0.0464134590004573
-0.0248655391394705
-0.0734006487346681
-0.0549440982816079
0.0136101150598399
0.0696883173275004
0.0621514382041126
-0.00206920106364393
-0.0643444227658122
-0.0678709474897124
-0.00948416848912289
0.0575013568078016
0.0719739054924643
0.0207779911565088
-0.0493261278387688
-0.0743702221584306
-0.0315476786767865
0.0400162432128556
0.0750103338295676
0.0415422239201332
-0.029794903603091
-0.0738861373040744
-0.0505300098541599
0.0189056267571675
0.0710309473193189
0.0583041273563038
-0.00760643041938215
-0.0665184855204325
-0.0646870812308641
-0.00383628658694312
0.0604609314846155
0.0695347790082263
0.0151540202009662
-0.0530060879703253
-0.0727397146405244
-0.0260824464723559
0.0443337327589439
0.0742332786331919
0.0363675699406916
-0.0346512478007136
-0.0739871469971336
-0.0457715929032537
0.0241886324573965
0.0720137231769476
0.0540783710194377
-0.0131930211038039
-0.068365629293474
-0.0610983313422761
0.00192283591786795
0.0631342651186697
0.0666727422891139
0.00935828685960071
-0.0564474746670683
-0.0706772409273932
-0.0203876547242062
0.0484663806524414
0.0730245408695128
0.0309096174325256
-0.0393814658603282
-0.073666263612293
-0.0406814653736976
0.0294079973074667
0.0725938568544809
0.0494789925951895
-0.018780903529243
-0.0698385846961484
-0.0571015980477178
0.0077492271429702
0.0654705961653863
0.0633768102139125
0.00342971626901611
-0.059597099737196
-0.0681641344355396
-0.0144963361061165
0.0523596919190589
0.0713581386073906
0.0251947820649399
-0.0439309071177914
-0.0728907110679241
-0.0352788379793782
0.0345100734438709
0.072732444053928
0.0445175591443346
-0.0243185744673153
-0.0708931165405586
-0.0527005249557118
0.0135946298793438
0.0674212711809707
0.0596425884603772
-0.0025877182609778
-0.0624029009101879
-0.0651880168101961
-0.00844722749863821
0.0559592811090834
0.0692139313470969
0.0192557172978295
-0.0482440025749599
-0.0716329727563496
-0.02958955742336
0.0394392784819426
0.0723951350125469
0.0392125265970199
-0.0297516146392294
-0.0714887312782468
-0.047905745408679
0.0194069463147054
0.0689404750444965
0.0554726179886136
-0.0086453563852818
-0.0648146801612412
-0.0617432353914402
-0.00228450163830003
0.0592116035278357
0.0665781432270056
0.0131311462638949
-0.052264973643021
-0.0698713912623981
-0.0236460439949414
0.0441387665131362
0.0715527996707567
0.0335892864143285
-0.0350233071795098
-0.0715893949182724
-0.0427350393027079
0.0251307899826418
0.0699859875307815
0.050876640780083
-0.0146903233081834
-0.0667848837241704
-0.0578312342756155
0.00394261469038541
0.0620647426629041
0.0634438334794835
0.00686558042899291
-0.0559386104818929
-0.0675907300350247
-0.0174871184214044
0.0485511807300739
0.0701821702629916
0.0276801061757705
-0.0400753481583586
-0.0711642443062989
-0.0372133906105435
0.0307081383966069
0.0705199493423055
0.0458717750355144
-0.0206661097043635
-0.0682694075099051
-0.0534608454039799
0.0101803343436105
0.0644692385032177
0.0598112990952331
0.000508924030062438
-0.0592111059554409
-0.0647826808306776
-0.0111577144105776
0.052619475340631
0.0682664443667532
0.0215239580357288
-0.0448486387451779
-0.0701882743903936
-0.0313729371842992
0.0360790781098489
0.070509620200093
0.0404825892205578
-0.0265132530653351
-0.069228410889181
-0.0486484871077297
0.0163709119603533
0.0663789404427496
0.0556883954360482
-0.00588403484917998
-0.0620309299890606
-0.0614463012859574
-0.00470847515100066
0.0562877929865769
0.0657958317230077
0.0151662307533166
-0.049284146962285
-0.0686429841027864
-0.0252528060665469
0.0411826321502553
0.0699281113137769
0.0347410658522158
-0.0321701126429044
-0.0696271212321944
-0.0434182588567135
0.0224533491285313
0.0677518676145531
0.051090761634715
-0.0122542436571576
-0.0643497279990099
-0.0575883678281738
0.00180476591340841
0.0595023825129612
0.062768028718908
0.00865832300799844
-0.0533238253793546
-0.06651696377235
-0.0188988294589743
0.0459576579806305
0.0687550745319521
0.0286864477084847
-0.0375737281985093
-0.0694366112678444
-0.0378019225775272
0.0283641950552502
0.068551058860249
0.0460419390285717
-0.0185391101257119
-0.0661232261186721
-0.0532236302941946
0.00832161750456146
0.0622125407009232
0.0591886053107716
0.00205711791666232
-0.0569115695979508
-0.0638064075698705
-0.0123631386451786
0.0503438023943138
0.0669773307427837
0.0223649611879852
-0.0426607508187664
-0.068634531265188
-0.0318387627997737
0.0340384331056509
0.068745394146285
0.0405733725733364
-0.0246733250712019
-0.0673121252232641
-0.0483749560956185
0.014777871278567
0.0643715605334234
0.055071290363803
-0.0045756589820293
-0.0599942010300057
-0.0605155353885628
-0.00570363549358093
0.0542824981317796
0.0645894206738804
0.0158294138041126
-0.0473684321880979
-0.0672057782792912
-0.0255753200282703
0.0394104414950035
0.0683103691296021
0.0347242871546589
-0.0305897736745301
-0.0678829652949137
-0.0430733535261941
0.0211063437220874
0.0659376677579089
0.0504381428911908
-0.0111741935682444
-0.0625224563366897
-0.0566569097805657
0.00101665636987101
0.0577179855555956
0.0615940621411722
0.00913866523153733
-0.0516356569749606
-0.0651430852647136
-0.0190649940875261
0.0444150144332955
0.067228804780164
0.028541432929133
-0.0362205234733345
-0.0678089415101924
-0.0373578658391081
0.0272378095951754
0.0668749269860486
0.0453195984778144
-0.017669441617304
-0.0644519650120185
-0.0522516351032345
0.00773035608236572
0.0605983414959362
0.0580024990250943
0.00235697388253359
-0.0554040014443232
-0.0624475137544494
-0.012367516704057
0.0489884281889201
0.0654914745066504
0.0220786962503466
-0.0414978752123872
-0.0670706536011881
-0.0312753299975586
0.0331020150402711
0.0671540983616216
0.0397543822528379
-0.0239900822597372
-0.0657441960110189
-0.0473294278661117
0.0143665985433978
0.0628764964276727
0.0538347288055905
-0.00444677637049571
-0.0586188001076678
-0.0591288350369159
-0.00554829523567511
0.0530695349096643
0.0630976321190423
0.0153965753289637
-0.0463554607767975
-0.0656567705589123
-0.0248799964906769
0.0386287562995267
0.0667534259628167
0.0337892821055735
-0.0300635543829837
-0.0663673540684478
-0.041928549389791
0.0208520061253826
0.0645112204995907
0.0491195973534944
-0.0111999620469766
-0.0612302012051896
-0.0552057863329368
0.0013223678235543
0.0566008656667044
0.0600554251997794
0.0085615224944009
-0.0507293707286471
-0.0635645936268766
-0.018233009267136
0.0437490079813506
0.0656593396038162
0.02747877838499
-0.0358171616739613
-0.0662972064589006
-0.0360955942664997
0.0271117468566514
0.0654680586428787
0.0438947518343401
-0.0178272085711068
-0.0631941911265222
-0.0507061903683258
0.0081701721926184
0.059529723114574
0.0563821800418764
0.00164515771881748
-0.0545592925314022
-0.0608005017767556
-0.0114017476255233
0.0483960830446671
0.0638670525735596
0.0208845290459035
-0.0411792299276324
-0.0655178214311516
-0.029885130712609
0.0330706645044405
0.0657201950639757
0.0382064450052943
-0.0242514689857244
-0.0644735675463767
-0.045666928932872
0.0149178239282701
0.0618092434270635
0.0521045462319784
-0.00527663912134462
-0.0577896394225377
-0.0573802654603398
-0.00445903476362007
0.0525068051750382
0.0613810391003674
0.0140747120562947
-0.046080298411646
-0.0640222004198183
-0.0233591916848099
0.0386544638442767
0.0652492278962331
0.0321091868382065
-0.0303951780037942
-0.0650388411074053
-0.0401337634856955
0.0214861336289732
0.0633994068077147
0.0472584911889691
-0.0121247469917827
-0.0603706491215726
-0.0533292163808228
0.0025177794273887
0.0560226730559062
0.0582153769525025
0.00712322981024126
-0.0504543255291353
-0.0618127873967987
-0.0165866185467333
0.0437909325085882
0.0640458356543203
0.025665242242208
-0.0361814643299402
-0.0648690459419825
-0.0341609985719605
0.0277951935520338
0.064267975910774
0.0418891374827722
-0.0188179205147742
-0.0622594311724145
-0.0486822632957223
0.0094478508905224
0.0588909952291571
0.0543939425622771
0.000108783242312437
-0.0542398878074198
-0.0589018403674816
-0.00964226206780883
0.0484111792088628
0.0621103184062787
0.0189439766360477
-0.0415354022351968
-0.0639524401957851
-0.0278109867139872
0.0337656162143322
0.0643913419599074
0.0360504385158001
-0.0252739893781859
-0.0634209417386754
-0.0434837464245445
0.0162479760669507
0.0610659738251884
0.0499504483700464
-0.00688617374634166
-0.0573813503976258
-0.055311652024541
-0.00260604855457927
0.0524508668707014
0.059452998242926
0.0120210541808815
-0.0463852817216374
-0.0622870790010997
-0.0211534764789954
0.0393198150423398
0.0637552592282576
0.0298046911058953
-0.0314111225429635
-0.0638288651181464
-0.0377871258450051
0.0228338129154942
0.0625097154490748
0.0449283146919967
-0.0137765861224804
-0.0598299868336573
-0.051074608921656
0.00443807810405203
0.0558514183463315
0.0560944656647545
0.00497749656942201
-0.0506638753190073
-0.0598812440361642
-0.0142648085521729
0.04438330594573
0.0623554498430786
0.0232218866118541
-0.037149137396124
-0.0634663821241246
-0.0316545022776634
0.029121170125473
0.0631931479527063
0.0393803712813611
-0.0204760397308365
-0.0615450257920619
-0.0462330811853719
0.0114033248144214
0.0585611719112029
0.0520656608976614
-0.002101386684955
-0.0543096786506246
-0.0567537158815326
-0.0072269677952583
0.0488860073543289
0.060198062592393
0.0163789054352317
-0.0424108322578782
-0.0623268067978103
-0.02515597182522
0.0350273442517431
0.0630968227123756
0.0333683868288308
-0.026898074955185
-0.0624946030360115
-0.0408391377048944
0.018201311694692
0.0605364637324842
0.047407781854303
-0.00912718256807489
-0.0572681014263949
-0.0529338778182665
-0.000126502386675237
0.0527635153246222
0.057299971520668
0.0093585629515087
-0.0471233192800526
-0.0604140746568111
-0.018368819491299
0.0404724827167947
0.0622115833647442
0.0269624278785119
-0.0329575513447415
-0.0626565976237314
-0.0349540848762233
0.0247434096499216
0.0617426149376558
0.0421720134359802
-0.0160096568198525
-0.0594925854915211
-0.0484616424690989
0.00694667584824314
0.0559583298211002
0.0536889025781868
0.00224851810679481
-0.0512193338086962
-0.0577430678301643
-0.0113765595920737
0.0453809492148273
0.0605390837223969
0.0202400519630919
-0.0385720406900801
-0.0620193328138779
-0.0286478302742913
0.0309421320106219
0.0621548018168792
0.0364190760687242
-0.0226581148945786
-0.0609456269977615
-0.0433871957185163
0.0139005929618465
0.0584210082381783
0.0494033793961835
-0.00485994100371974
-0.0546384957632406
-0.0543397649520895
-0.00426783442613926
0.0496826670587014
0.0580921397721047
0.0132853431189365
-0.0436632245843171
-0.0605821238957222
-0.0219980760214084
0.0367125572634411
0.061758789063082
0.0302185947306262
-0.0289828201295202
-0.061599680678967
-0.0377705556100922
0.020642596693218
0.0601112226647332
0.0444924823529632
-0.0118732173494102
-0.0573284985322676
-0.0502412065460169
0.00286481428552738
0.0533144154690781
0.054894903225002
0.00618780126303419
-0.0481582714811005
-0.0583556573907336
-0.0150893500482005
0.0419737584149125
0.0605515077773475
0.0236482931913751
-0.0348964457009339
-0.0614379256006361
-0.031680947348762
0.0270808006707037
0.0609986983169401
0.0390154184212391
-0.018696811068854
-0.0592462013225808
-0.0454952697822571
0.00992628370237331
0.0562210537412345
0.0509828469998745
-0.000958899870801551
-0.0519911676976519
-0.0553621886833231
-0.00801188683415306
0.0466502134745366
0.0585414622221872
0.0167930216834086
-0.0403155354196424
-0.0604548736047969
-0.025195999070102
0.0331255651443071
0.061064011971106
0.033040902784154
-0.0252367891876282
-0.0603586018277153
-0.0401602498803166
0.0168203376867512
0.0583566486590682
0.0464025562303158
-0.00805826849905094
-0.0551039767348583
-0.0516355481021106
-0.000860372499068411
0.0506731709568845
0.0557489519608565
0.00974362968580849
-0.0451619473309125
-0.0586568039623329
-0.0184007666075579
0.0386909888173862
0.0602992311066124
0.0266463568115619
-0.0314012946518554
-0.0606436675075743
-0.0343042489928863
0.0234511014916435
0.0596854814632733
0.0412113218385903
-0.0150124437241868
-0.0574480017177748
-0.0472209487415335
0.00626742777690968
0.0539819442144798
0.0522060990373452
0.00259569885529465
-0.0493642534753045
-0.0560620104460004
-0.0113865990220868
0.0436963852272483
0.0587083767966622
0.0199169306287921
-0.0371020687704041
-0.0600910056746896
-0.0280043770817408
0.0297245985888757
0.0601829121225967
0.0354765373521731
-0.0217237146156566
-0.0589848267044108
-0.0421745928292622
0.0132721391677854
0.0565251088398368
0.0479566731775339
-0.00455184568786546
-0.0528590690637448
-0.0527008501043311
-0.00424986008130943
0.0480677164916366
0.0563076961289233
0.0129443621148129
-0.0422559600063321
-0.0587023549461752
-0.0213457730093339
0.0355503032625564
0.0598360805874224
0.0292749033831616
-0.0280960842935777
-0.059687214067895
-0.0365630771455893
0.0200543200679691
0.0582615783259261
0.0430557115718729
-0.011598224589442
-0.0555922847433415
-0.0486155864013907
0.00290947588399518
0.0517389571209955
0.0531257330565994
0.00582568765989993
-0.0467863914002177
-0.0564918834084489
-0.0144204577453926
0.0408426814049971
0.0586444271032691
0.0226914479754471
-0.0340368521780986
-0.0595398371140414
-0.0304626018156968
0.0265160528578849
0.0591615346474718
0.0375689335676677
-0.0184423702734375
-0.0575201765866884
-0.043860023029952
0.0099893323331614
0.0546533610137747
0.0492031900234641
-0.00133817667895573
-0.0506247587762919
-0.0534862820107561
-0.00732603515199877
0.0455226912696497
0.0566200164921724
0.0158183747725717
-0.039458186345723
-0.05853982952785
-0.0239579906523236
0.0325625552779189
0.0592071924063026
0.0315719544843269
-0.0249845437823951
-0.0586103699239051
-0.038498928541101
0.0168871190041291
0.056764605712274
0.0445925764108338
-0.00844396193792487
-0.0537117322923564
-0.0497246452036949
-0.000164259186611448
0.0495192157869597
0.0537876545300954
0.00875375459384981
-0.0442786572245342
-0.0566971361157186
-0.0171415350462092
0.0381037838627272
0.0583933776491295
0.0251493066932767
-0.0311279747090217
-0.0588426351426308
-0.0326072558878134
0.0235013741895991
0.0580377894980256
0.0393576437573312
-0.0153876565142911
-0.0559984348594399
-0.0452581346058464
0.00696051052518374
0.0527703984526676
0.0501847881038741
0.00160007944997502
-0.0484247036943406
-0.0540346525789615
-0.0101116771067287
0.0430560001513973
0.0567279053809423
0.0183932799957583
-0.0367804951886277
-0.0582094960783856
-0.0262691649808662
0.0297334326252845
0.0584502589332642
0.0335726117268567
-0.0220661732097315
-0.0574474724706268
-0.0401494254506792
0.0139429400156549
0.05522485576508
0.045861184661076
-0.00553729879342075
-0.0518320030540543
-0.0505881456665974
-0.00297155126794523
0.0473432702051505
0.0542317431146925
0.0114025971077826
-0.0418561381578528
-0.0567166345725792
-0.0195768603177734
0.0354890894849134
0.0579922469845977
0.0273211928710429
-0.0283790444427137
-0.0580337935283046
-0.03447193965986
0.0206784120899298
0.0568427407140032
0.0408783904999529
-0.0125518200575459
-0.054446717287204
-0.0464059489449659
0.00417259318465058
0.0508988683519446
0.0509389514648711
0.00428094364176769
-0.046276669882355
-0.0543830781418156
-0.0126292595927305
0.0406802301833565
0.0566673048595943
0.020695428267648
-0.0342301156566641
-0.0577453568199372
-0.0283088735308752
0.0270647482014231
0.0575966338946193
0.0353089716105438
-0.0193374305187385
-0.056226589593208
-0.0415484335221518
0.0112130633119848
0.0536665570467139
0.0468963967437176
-0.00286462471982137
-0.0499730271348686
-0.0512411614227828
-0.0055305128434227
0.0452263954677521
0.0544925141004395
0.0137943500330418
-0.0395292061280711
-0.0565835908253092
-0.0217520321330577
0.0330039306527864
0.0574722414101838
0.0292355449892649
-0.025790330459786
-0.0571418672440178
-0.0360872572963109
0.0180424596049639
0.0556017162835246
0.0421632346826322
-0.00992537220601621
-0.0528866303742024
-0.0473362560679421
0.00161160493891228
0.0490562516447896
0.0514984692527558
0.00672249042317079
-0.0441937061373997
-0.0545636304983726
-0.0149004864928979
0.0384037938368017
0.0564688817991341
0.0227496125267881
-0.0318107246158584
-0.0571760294447593
-0.0301044005787144
0.0245554491026215
0.0566722981068138
0.0368101687011094
-0.0167926419018956
-0.0549705458330355
-0.0427262679954696
0.00868740179247931
0.0521089367609147
0.0477290254982488
-0.000411739327672914
-0.048150079822677
-0.0517143214934873
-0.00785907343372805
0.0431796529685409
0.0545997477268612
0.0159502136253118
-0.0373045432457838
-0.0563263019858831
-0.0236910001900979
0.0306505432105038
0.0568595844162796
0.0309184904962324
-0.0233596534061132
-0.0561904715516135
-0.0374809052629258
0.0155870488246054
0.0543352551182337
0.0432408099303527
-0.00749777420404876
-0.0513352440037257
-0.0480779859342576
-0.000736761434053954
0.0472558391063969
0.0518919320619664
0.00894241655345611
-0.0421851018751996
-0.0546039440240289
-0.0169459982543978
0.0362318479731642
0.0561587294057562
0.0245789150430128
-0.0295233074280282
-0.0565255250699379
-0.0316807242544566
0.0222024016659341
0.0556986946560749
0.0381024995856237
-0.0144246957693886
-0.053697794837985
-0.043709948176831
0.00635509099466828
0.0505671102252952
0.0483862121415254
0.00183567210997328
-0.0463746679923619
-0.052034296258903
-0.00997462583371521
0.0412107542490736
0.0545790715689905
0.0178902262914258
-0.0351859646087368
-0.0559688136709843
-0.0254159662573297
0.0284288311349395
0.0561762444300527
0.0323938738308088
-0.0210830766630854
-0.0551990563339808
-0.0386778235179099
0.0133045552089985
0.0530599096857269
0.0441365904464391
-0.00525794363617034
-0.0498059039400937
-0.0486565840154625
-0.00288674517483122
0.0455075355574851
0.0521442041861352
0.0109577538314149
-0.0402571655224974
-0.05452777170463
-0.0187852007680845
0.0341670299345131
0.0557589926351207
0.0262046531617055
-0.0273668366067181
-0.0558139274753886
-0.0330605773533965
0.02000099921178
0.0546934456235532
0.039209594470343
-0.0122255680069592
-0.0524231568348139
-0.0445234732173622
0.00420492240608261
0.049052822326474
0.0488917975023702
0.00389170448841618
-0.0446552591228946
-0.052224253550789
-0.0118937959203019
0.0393247618517047
0.0544524892983346
0.0196331408009992
-0.0331750762859747
-0.0555315079576616
-0.0269473668170602
0.026336968263227
0.0554405675371484
0.0336833431887533
-0.0189554400080081
-0.0541835685394525
-0.0397003818650122
0.0111866531658248
0.0517889228643221
0.0448731703470965
-0.00319462387334831
-0.0483089078542937
-0.0490943751336449
-0.00485224018092866
0.0438185202266645
0.0522768618441991
0.0127846876017978
-0.0384138551011177
-0.0543554862589427
-0.0204361813281792
0.0322100452443174
0.05528841963102
0.0276463921255813
-0.0253388048003984
-0.0550579814938608
-0.034264554320273
0.0179456299731415
0.0536709635873611
0.0401526136322529
-0.0101867161997823
-0.0511584392465247
-0.0451881014946741
0.00222565716434726
0.0475750634073148
0.0492666761433136
0.00577000457982388
-0.0429978790594652
-0.0523042778927485
-0.0136323026610633
0.0375246562933892
0.0542388542344779
0.0211963734810873
-0.0312717998305068
-0.055031619520204
-0.0283039103578577
0.0243718698922873
0.0546678238373904
0.0348064729233803
-0.0169707692659
-0.0531570160363721
-0.0405685826856724
0.00922465629997249
0.0505327965093552
0.0454705403087445
-0.00129664916921302
-0.0468520660291736
-0.0494109061497948
-0.00664660902970729
0.0421937875040858
0.0523085927866283
0.0144384520344731
-0.0366572876746728
-0.0541045265198983
-0.0219156854759655
0.0303601353563127
0.0547628439667612
0.0289220020005583
-0.0234356416196819
-0.0542715996816397
-0.0353112450616563
0.0160300351165794
0.0526429710396174
0.0409504533204873
-0.00829937244111543
-0.0499129571800395
-0.0457226223487908
0.000406248828260822
0.0461405794121729
0.0495291263915245
0.00748362147666833
-0.0414066009078773
-0.052291750197938
-0.0152048832735367
0.0358117935310255
0.0539542892074549
0.0225960039250166
-0.0294747890713055
-0.0544836855091504
-0.0295026498434296
0.0225295607651359
0.053870676784427
0.035780905440719
-0.0151225886207828
-0.052129945688594
-0.0413002674922464
0.00740976856102612
0.0492997676089146
0.0459463527164628
0.000446869377961244
-0.0454411652386904
-0.0496232625134743
-0.00828256470459707
0.0406365887059599
0.0522555561043042
0.0159332805058961
-0.0349881498789437
-0.0537897916143397
-0.023239135483185
0.028615448731481
0.054195603771198
0.0300477422368673
-0.0216530380989617
-0.0534662966493739
-0.0362173821688903
0.0142475806141001
0.0516189400822913
0.0416199509422564
-0.00655475792860613
-0.0486939687658414
-0.0461436133814211
-0.00126400262766485
0.0447542934761727
0.0496951129065545
0.0090449151260883
-0.0398839440027562
-0.0522016879376025
-0.016625264808105
0.0341862731414855
0.0536125560231814
0.023846808758401
-0.027781760202184
-0.0538999355694555
-0.0305590764633586
0.0208054607683517
0.0530595847721091
0.0366225014831607
-0.0134041567361594
-0.051110847486538
-0.0419113191447775
0.0057332668030003
0.0480962060939712
0.0463161701926973
0.0020464175511906
-0.0440803517186268
-0.0497463566070287
-0.00977210204333839
0.039148792209843
0.0521317031795961
0.0172823949168371
-0.0334060279108936
-0.053423986771994
-0.0244206764250774
0.026973334196761
0.0535979042887487
0.0310383621755196
-0.0199861978890282
-0.0526515600916715
-0.0369979924075134
0.0125914617797333
0.0506064636545956
0.0421760830571192
-0.00494423747376512
-0.0475070385003984
-0.0464656795715122
-0.00279534853632943
0.0434196536594721
0.0497785607656034
0.0104655073055865
-0.038431198829091
-0.0520470474281579
-0.0179061682156222
0.0326472338887935
0.0532253787290409
0.0249623174890246
-0.0261897522422523
-0.0532906285732763
-0.031487224861812
0.0191946054285223
0.0522431437046849
0.0373454913174385
-0.0118086434102345
-0.0501064953748693
-0.0424158546596725
0.00418663076172988
0.0469269465560066
0.0465936948852147
0.00351199647332586
-0.0427724467738959
-0.0497931876987433
-0.0111264652994347
0.0377311764624292
0.0519490619584091
0.0184980219433119
-0.0319096720863494
-0.0530179251889479
-0.025473239660962
0.0254305719535044
0.0529791303790407
0.0319072093078987
-0.0184300304610415
-0.0518351668963682
-0.0376665463904781
0.0110548553309785
0.0496115683075119
0.0426321522776711
-0.0034594280503523
-0.0463563399722056
-0.046701672505737
-0.00419752787634961
0.0421389192816688
0.0497916015369035
0.0117562632171568
-0.0370486911214631
-0.0518389908037033
-0.0190593345781805
0.031193090358652
0.0528027252239255
0.0259548818021317
-0.0246953316896312
-0.0526643424306925
-0.0322997830279819
0.0176918148639157
0.0514283785394836
0.0379626219274828
-0.0103292599613182
-0.0491222341665313
-0.0428264056794401
0.00276163290942228
0.0457955644158362
0.0467909775581846
0.00485307432654183
-0.041519206455601
-0.0497750744847651
-0.0123561415552628
0.0363836679041774
0.0517179873815497
0.0195914273584846
-0.0304972083405451
-0.0525807905242365
-0.0264086164120763
0.0239835546582911
0.0523471151240469
0.032666339644903
-0.0169792985198835
-0.0510234519085249
-0.0382351025329969
0.00963103068673461
0.0486389773005099
0.0429999609498235
-0.00209227236517951
-0.0452449077192587
-0.0468628893669085
-0.00547973218833729
0.0409133963350101
0.0497447927104413
0.0129272948023423
-0.0357359960989737
-0.0515871206891282
-0.0200955659062021
0.0298217218441497
0.0523530517598034
0.0268357521331018
-0.0232947525269364
-0.0520282229131325
-0.0330082022027948
0.0162918220808647
0.0506209909537823
0.0384852971473132
-0.00895935373370828
-0.0481622207208251
-0.0431540851392468
0.00145039786445262
0.0447046055379567
0.0469186066084142
0.00607856255741269
-0.0403215348984161
-0.049701861880272
-0.013470872280826
0.0351055337712824
0.0514473810926402
0.0205729619255811
-0.0291663067729636
-0.0521203644940878
-0.0272375362510139
0.0226284285941738
0.0517083702182155
0.0333266263990184
-0.015628729343813
-0.0502215360765364
-0.0387144429247508
0.00831342971567351
0.0476923316221933
0.0432899706911015
-0.000835085974943509
-0.0441748465030019
-0.0469592521808955
-0.00665059140346672
0.0397436307445703
0.0496473123564671
0.0139879791121409
-0.0344921118823358
-0.0512996857342635
-0.0210247749526887
0.0285306226013014
0.0518835146792902
0.0276151571748723
-0.0219840805683532
-0.0513881968894353
-0.0336228037256841
0.0149893692833729
0.0498255694439693
0.0389237089551636
-0.00769247489130317
-0.0472296264377709
-0.0434087396515543
0.000245438858258937
0.0436557769125239
0.046985877801428
0.00719680987632612
-0.0391796593272948
-0.0495821040745851
-0.0144796772792536
0.0338955379853601
0.0511448835792073
0.0214521141358146
-0.0279143154637126
-0.0516432237610729
-0.0279697468822575
0.0213612029962315
0.0510682832580147
0.0338978645132943
-0.0143730977810532
-0.0494335198793362
-0.0391141998285911
0.00709572217162932
0.046774375466247
0.0435114476670877
0.000319415451953112
-0.0431475050022681
-0.0469994683418982
-0.00771817474783567
0.0386295667844206
0.0495071311178613
0.0149469867641483
-0.033315599540064
-0.050983760125094
-0.0218560400299232
0.0273170208939826
0.0514001534190717
0.0283023833186638
-0.0207592893794992
-0.05074915480536
-0.0341528808711447
0.0137792790866095
0.0490457673608799
0.0392869590423189
-0.00652242190815905
-0.0463268071074787
-0.0435990877760724
-0.000860322938410652
0.0426501048317493
0.047000945915521
0.00821560896525044
-0.0380932733986486
-0.0494232260047446
-0.0153908867411837
0.0327520668822286
0.0508170417945644
0.0222375663912347
-0.0267383662499284
-0.0511549099678782
-0.0286140927424981
0.0201778340135694
0.0504312864779026
0.0343888695215291
-0.0132072870431415
-0.0486626471596098
-0.0394429722532656
0.0059718424903201
0.0458871117379919
0.0436725940010162
0.00137810363042154
-0.0421636198199329
-0.0469911737252175
-0.00869000229612743
0.0375706767239947
0.0493311637057961
0.0158123168099915
-0.0322046958821005
-0.0506454000309186
-0.0225976619600552
0.0261779728559347
0.050908048442249
0.0289058520087522
-0.0196163335788391
-0.0501151066743375
-0.0346067945249284
0.0126565061039791
0.0482844536450326
0.0395831703779653
-0.0054432707776632
-0.045455445257116
-0.0437328447491919
-0.00187355175402307
0.0416880659607308
0.0469709596857943
0.0091422120458679
-0.0370616544085106
-0.0492316654053734
-0.0162121782540865
0.0316732303217069
0.0504694551160086
0.0229372522227122
-0.0256354578928448
-0.0506600763881831
-0.0291785907863125
0.0190742885120872
0.0498010009292409
0.0348075698963516
-0.0121263321664767
-0.047911443784389
-0.0397084325436182
0.00493601238891582
0.0450319323306447
0.0437806660287266
0.00234743598333568
-0.0412234347467127
-0.0469410598311731
-0.00957306383331157
0.0365660667416072
0.0491254020231073
0.0165913353137196
-0.0311574040186543
-0.0502897797283988
-0.0232572211444385
0.0251104360609148
0.0504114573807084
0.0294331937049636
-0.0185512041822263
-0.0494893153158806
-0.0349920621123802
0.0116161732449006
0.0475438403601245
0.0398195888945007
-0.00444939186724152
-0.0446166693575875
-0.0438168344884875
-0.00280049977619092
0.040769695826558
0.0469021815179077
0.00998335241052133
-0.0360837589513494
-0.0490129975094862
-0.0169506164627386
0.0306569427210236
0.0501069022584966
0.0235584128673632
-0.0246025210397572
-0.0501626142874327
-0.0296705024298894
0.0180465918923879
0.0491803595895199
0.0351610925103135
-0.0111254500021251
-0.0471818349277476
-0.0399174232583217
0.00398275273946351
0.0442097271829396
0.0438420802891882
0.00323346177980276
-0.04032679941947
-0.046854986435977
-0.0103738425155149
0.0356145632747656
0.0488950319291327
0.0172908156816847
-0.0301715657958796
-0.0499213098970781
-0.0238416333684342
0.0241113267663418
0.0499139322961296
0.0298913176614862
-0.0175599697279508
-0.0488744100903616
-0.0353154395808552
0.010653596157835
0.0468255905346644
0.0400026756769442
-0.00353545748402274
-0.0438111535779405
-0.0438570898138735
-0.00364701629375096
0.0398946785082741
0.0468000934373239
0.0107452697481737
-0.0351583008222786
-0.0487720443447179
-0.0176126937198702
0.0297009877318165
0.0497334515120465
0.0241076520734699
-0.023636468550146
-0.049665761722963
-0.0300964010604042
0.0170908632679816
0.0485717124245592
0.0354558411568755
-0.010200058788725
-0.0464752442192039
-0.0400760448071848
0.00310688742138049
0.0434209755070265
0.0438625082252431
0.00404183377931182
-0.0394732508304502
-0.0467380811923139
-0.0110983414609036
0.0347147832556804
0.0486445355141
0.0179169793411206
-0.0292449194734746
-0.04954374032771
-0.0243572034247176
0.0231775640426386
0.0494184206171259
0.0302864770972258
-0.0166388061757775
-0.048272483940159
-0.0355829965004254
0.00976429853455818
0.04613090930724
0.0401381901963102
-0.00269644253854255
-0.0430392011995927
-0.0438589418775598
-0.00441856140571393
0.0390624206850318
0.0466694906840683
0.0114337376568038
-0.0342838142964069
-0.0485129704121677
-0.0182043705483997
0.0288030696050919
0.0493525564198701
0.0245909883995045
-0.0227342340765475
-0.0491721971764533
-0.0304622348273009
0.0162033406824383
0.0479769160131788
0.0356975682913544
-0.00934578972252374
-0.0457926775224346
-0.0401897344378169
0.00230354125796664
0.0426658220427885
0.043846960590515
0.00477782362485771
-0.0386620805715665
-0.0465948275497424
