0.302744832877165
0.360658988020288
0.410777781617506
0.444464378062125
0.452502682308309
0.426738325448083
0.362176471072816
0.259171905740035
0.125148682759362
-0.0248206105464496
-0.169179314034679
-0.283100219512376
-0.343527501351926
-0.33516526971037
-0.25592080794545
-0.119996408791034
0.0429658214132502
0.19343601865991
0.291614408454931
0.308918194173421
0.237935365558456
0.097176075876389
-0.0720018024166335
-0.216612434279417
-0.288761359807854
-0.262632636297853
-0.145459813062683
0.0225335694274635
0.180675807338563
0.269509641062555
0.253978224041749
0.138838493931517
-0.0309435351539414
-0.186527709921675
-0.262887346114566
-0.226826533541414
-0.0929402867776399
0.0806866104254165
0.216724275158923
0.25311228620357
0.172411746305199
0.0116705440233411
-0.153279329207416
-0.243107737710389
-0.213667985130785
-0.0789595871456826
0.0941391081093457
0.218251839479059
0.229735150267492
0.122295289412964
-0.0482533744162033
-0.192004155605439
-0.232208207285664
-0.146989118855104
0.0175466225881977
0.171229862131557
0.228943895572988
0.158330236352769
-0.000975062494354839
-0.158582023781476
-0.224268379145711
-0.160086904230178
-0.00328772318492121
0.15434445551594
0.21984956839426
0.154326522350308
-0.00303463499933397
-0.157504900771099
-0.21551667884698
-0.14175261619444
0.0184733924618067
0.166247202889287
0.20987027234796
0.122203917907207
-0.0416069978676048
-0.178111791816268
-0.200740175454524
-0.095195689729147
0.0707117151523593
0.190033468740466
0.185599506745057
0.0604731748595897
-0.103406908439128
-0.1984150190554
-0.162025655576341
-0.018555759919221
0.136402425322744
0.199351363741724
0.128251864480719
-0.0287800275416773
-0.165449583164549
-0.189073260725355
-0.0837897177508099
0.0781727626211259
0.185587708456025
0.164620182608278
0.0300318594906693
-0.124629468606474
-0.191744463652522
-0.124673869765423
0.0293211571228693
0.161886530911697
0.179678485258271
0.0703940695886123
-0.088205318490357
-0.183256614104329
-0.14714820533223
-0.00601679616429038
0.138692858947005
0.182935472861471
0.0950691241976438
-0.0610649672526204
-0.172148304726287
-0.157591133496828
-0.0283189219173681
0.120982811363705
0.180982639348089
0.10789246185697
-0.0441867059353205
-0.162945751180369
-0.160733440556948
-0.0395095337300715
0.110448848978943
0.177539958067518
0.111984004891271
-0.0368998851375395
-0.157460222021225
-0.159361597335178
-0.0414982773567923
0.107060698861242
0.174160051229246
0.109307188577586
-0.0380245759421265
-0.155831944292698
-0.154655882367354
-0.0357208756355382
0.109925238978847
0.170917298750492
0.100804806616543
-0.0462894340537914
-0.157178811922018
-0.14665763287081
-0.0231718678260915
0.117658358054467
0.166921771597557
0.086734208125648
-0.0603639693498975
-0.159951473139429
-0.134707875573134
-0.0046453302391319
0.128489850871066
0.160690938295758
0.0670518534924441
-0.0787222411867396
-0.162135850658085
-0.117843174773604
0.0189588795725059
0.140266579915806
0.150457701455489
0.0417967918776943
-0.0994706381638067
-0.161420549520844
-0.0951726135315774
0.0463401265780286
0.15046781832723
0.134481655631647
0.0114497455963481
-0.120227299555092
-0.155410079780044
-0.0662505087307273
0.0755693008201464
0.156309231898543
0.111398620199168
-0.022762391146982
-0.13811802872444
-0.141926787873436
-0.0314314581032678
0.103982593301856
0.154980595045676
0.0806046482130938
-0.0586644922029175
-0.149936116503638
-0.119404412427786
0.00783762206896134
0.128249572064348
0.144028231331605
0.04263074460171
-0.0930949576950611
-0.152489185023378
-0.0873336112013878
0.0488594871743405
0.144655437254884
0.121851960324261
-0.000570388093572679
-0.122091327430531
-0.143118987942961
-0.0466781399108477
0.0877436604252405
0.149606126436442
0.0882399479477563
-0.0455255324882304
-0.141336283118263
-0.120330881999388
-0.000147986773989554
0.119745785829964
0.140315001109794
0.044821639323341
-0.0874277280400663
-0.146852547474779
-0.0844163797844365
0.0477956155724762
0.139913516793638
0.115568020297429
-0.00470780525317231
-0.120672298896312
-0.135867421010323
-0.0379090901665056
0.0913071938098317
0.143993133971674
0.0764049555276053
-0.0547335216753972
-0.139737943371815
-0.107693494986554
0.0143007258573333
0.12393949933886
0.129464832674564
0.0265172554524644
-0.0983317950541389
-0.140314553485187
-0.0644124247181111
0.0653384299494451
0.139788232254828
0.096492971483143
-0.0278304979944405
-0.128347289778057
-0.120478185536257
-0.0111282274853689
0.107267358802523
0.134829062715611
0.0485280220790837
-0.0784840685119449
-0.138811597160842
-0.0816342383683372
0.0444032414341199
0.132495106941475
0.10816905358741
-0.00769304650898676
-0.116692383048037
-0.126444819644987
-0.0289251361639659
0.0928518058202824
0.135444407331012
0.062872250433385
-0.0629137663340016
-0.134848169055489
-0.0918812653644492
0.0291447838385488
0.12501085033857
0.114131954265921
0.00603728097541458
-0.10689478571105
-0.12834501677835
-0.0402344037041462
0.0819679202864841
0.133833120455083
0.0712250489404122
-0.0520765725197533
-0.130509497887312
-0.0970974878008414
0.0193034233124313
0.118857382822403
0.116353381406434
0.0141789448807551
-0.0998656934041636
-0.127977756498833
-0.0462494201053248
0.0749379108580433
0.131473967887564
0.0749663833862377
-0.0457820404438495
-0.126864512349832
-0.0986757514723127
0.0142898995472177
0.114660520070624
0.11609425113176
0.0175861922277147
-0.0958043264011753
-0.12636505458767
-0.0479518684737246
0.0715906750934031
0.129084780908592
0.075077848017882
-0.0435728109803993
-0.124302599108997
-0.0974905203821829
0.0134599985658142
0.112493675716277
0.114042168733667
0.0169871117054723
-0.094510435747445
-0.123958487031547
-0.0460573036340193
0.0715160170998281
0.126862498750505
0.0721805695518252
-0.04490488118901
-0.12277533813975
-0.0940065471337956
0.0162158031019606
0.112095550802713
0.110466402796259
0.0129575755373156
-0.0955595633957657
-0.120816085681201
-0.0410537537033211
0.0741867331987365
0.124660015110146
0.0666235885673826
-0.0492129031476339
-0.121955344643479
-0.0884000736630142
0.0220166565007757
0.112997919529402
0.105354846595209
0.00595750035781312
-0.0983918741213291
-0.116739480875646
-0.0332749763390379
0.0790054757083463
0.122110518968853
0.0585822649117933
-0.0559162961019648
-0.12133807789325
-0.0806702612721122
0.0303490776241366
0.114598665830986
0.0985271607864765
-0.00360976059856056
-0.102353556554748
-0.11137905793332
-0.0229809321221452
0.0853146543606662
0.118717081979002
0.0481511822874793
-0.0644002299421273
-0.120310617944716
-0.0707362163077613
0.0406832094351669
0.116206837052009
0.0897285328188599
-0.0153348542121845
-0.106717372617948
-0.104318377030025
-0.0104333160608297
0.0923935036446956
0.113923187611192
0.0354266184494289
-0.0739916332899276
-0.118205321564333
-0.0585208077726846
0.0524311630935884
0.117077928997545
0.0787099913954763
-0.0287470620587426
-0.110699379595654
-0.095147057128916
0.00403951352362305
0.0994571161842134
0.10717525421419
0.0205770019795575
-0.0839422125897842
-0.11435003443707
-0.0440229531940154
0.0649162318644876
0.116450732208884
0.0652993085019394
-0.0432722101268736
-0.113482118948559
-0.0835276443336492
0.0199917282880996
0.105666290661322
0.0979833987519367
0.00389991975223403
-0.0934257234156995
-0.108121226055581
-0.0273784932515645
0.0773586478225471
0.113591795085583
0.0494636530344574
-0.0582081422893267
-0.114249762003521
-0.0692582245036114
0.0368265207919822
0.110153022086134
0.0859824470846143
-0.0141366924498894
-0.101553690791188
-0.0990020631274404
-0.00890780138592004
0.0888815704166556
0.107849408218286
0.0313624074893082
-0.0727211159456028
-0.112236987590447
-0.0523292769177344
0.0537831155554302
0.112063346461554
0.0709916731966283
-0.0328724437845242
-0.107411353259809
-0.0866438713841546
0.0108533270365936
0.0985393027984094
0.0987155836031955
0.011386417108125
-0.0858655021452978
-0.106790206303267
-0.032970740331054
0.0699472177236821
0.110616455928731
0.0530689841953227
-0.0514550325763038
-0.110113231978557
-0.0709265535950348
0.0311437842897726
0.105367809527036
0.0858916055218481
-0.00982132537173993
-0.0966277080469717
-0.0974369145593578
-0.0116836306140059
0.0842868020256326
0.105176295504238
0.0325533398858095
-0.0688664250375375
-0.108875193439852
-0.0520113687877649
0.0509923678606349
0.108455283533069
0.0693503846479509
-0.0313687797471087
-0.103993148378916
-0.0839564791913923
0.0107500485640267
0.0957133122315099
0.0953292732592202
0.0100882397581836
-0.0839761022592531
-0.103097236640672
-0.0303781776950073
0.0692609715076062
0.107027852708051
0.049387216992997
-0.0521460522508904
-0.107032456825923
-0.0664437093286784
0.0332848088822588
0.103165773088043
0.080959477909949
-0.0133807247679016
-0.0956203592715725
-0.092448730219953
-0.00683901278828882
0.0847163391710705
0.100542778459612
0.026649870304549
-0.0708869497509528
-0.105000201675387
-0.0453554471482903
0.0546605538850843
0.105712255815552
0.0623112218526722
-0.036639864944515
-0.102703508987725
-0.076945805215007
0.0174791953443627
0.0961278433118822
0.0887790546966237
0.0021394233579482
-0.0862601168409685
-0.097436536330095
-0.0215303957946394
0.0734839145892491
0.102659963499804
0.0400281638798595
-0.0582759330833275
-0.104313391317874
-0.0570094739643947
0.0411876351972185
0.102385095663048
0.0719136040498325
-0.0228248794138401
-0.0969852123209592
-0.0842599389568776
0.00382626903473968
0.0883393494768988
0.0936623914580589
0.0151590179074594
-0.0767785119908047
-0.0998402894092509
-0.0334931674965431
0.0627257849600559
0.10262547837976
0.0505707211986692
-0.0466803142633916
-0.101965521697589
-0.0658379592175204
0.0291991910277096
0.0979230108350016
0.0788100906956492
-0.0108778939762974
-0.0906711245503857
-0.0890857564647796
-0.00767003213027792
0.0804856914362241
0.0963584532969738
0.0258333820571497
-0.0677341142241989
-0.100424600385268
-0.0430231197285235
0.0528616026330189
0.101188085221742
0.058691012102654
-0.0363752325763835
-0.0986612433084277
-0.0723465056180159
0.0188264016765376
0.0929623405462746
0.0835713572083468
-0.000792283397728489
-0.0843097352647035
-0.0920316181564703
-0.017143105484925
0.0730129955876994
0.0974866647683204
0.0344076165264979
-0.0594613345120998
-0.0997950716857298
-0.0504588785444068
0.0441097975096185
0.098917228259951
0.0648008648287035
-0.0274636939903458
-0.0949147024785963
-0.0769986375355452
0.0100618034667898
0.0879464573299037
0.0866908588668803
0.00754109082462091
-0.0782621182952851
-0.0935997395009324
-0.0247917837611595
0.0661925752937981
0.0975381829456505
0.0411558012955583
-0.0521382756488807
-0.0984139771221593
-0.0561336090253135
0.0365556247243646
0.0962309786092076
0.0692754043010104
-0.0199419564577522
-0.0910873277298032
-0.0801940760652814
0.00281956626066656
0.0831708213238735
0.0885759835632829
0.0142806867021881
-0.0727516521378844
-0.0941892803461719
-0.0308357018888701
0.0601727970729723
0.0968895910913525
0.0463458945104794
-0.0458383992062443
-0.0966229330986823
-0.060349927620036
0.0302005390513073
0.0934258593070537
0.0724380021542544
-0.013744827879718
-0.0874228827998617
-0.0822633417248215
-0.00302472057192485
0.0788213216671548
0.0895515718413254
0.0196010742641278
-0.0679037756093505
-0.0941077630929571
-0.0354893616214453
0.0550185099029942
0.0958209823737901
0.0502214014470459
-0.0405680767110377
-0.0946662732019343
-0.0633691707248482
0.0249965469510332
0.0907040632632927
0.0745568383790818
-0.00877575713986639
-0.0840770722878258
-0.0834710439927175
-0.00760900571130226
0.0750048641569062
0.089869159265909
0.0236734521215981
-0.0637762518495916
-0.0935853347092717
-0.0389484485832517
0.0507398208031297
0.0945342026919536
0.0529934823754984
-0.0362928841013135
-0.0927121784387617
-0.0654090582056086
0.0208692205267289
0.0881963708427482
0.0758476915261471
-0.00492597315581159
-0.0811411830521584
-0.0840232112629457
-0.0110698985958869
0.0717727468481385
0.08971813947364
0.0266552168568853
-0.0603813931683465
-0.0927889754090553
-0.0413838440694908
0.0473124122775654
0.0931692747447045
0.0548392319473114
-0.0329553998121618
-0.0908704795268962
-0.0666459182193794
0.0177325182718433
0.0859805187922059
0.0764796659483555
-0.00208602682995247
-0.0786602620898777
-0.0840759850183369
-0.0135345547925311
0.0691379665965483
0.0892368263659172
0.0286852802686715
-0.0577019116461585
-0.0918352951059121
-0.0429402482138992
0.044691460981066
0.0918182872245746
0.0559033688399762
-0.0304868317573346
-0.0892070142940216
-0.0672191099779547
0.0154978794472295
0.0840954400271287
0.0765819415844287
-0.000152228670561781
-0.0766467098291535
-0.0837442396257501
-0.0151169086814643
0.0670877082953674
0.088522457625952
0.0298828849592676
-0.0557019284768369
-0.0908014257371394
-0.0437374025581532
0.0428208794819409
0.0905366914395574
0.0563016153770418
-0.0288142945911382
-0.0877548713659701
-0.0672362523245693
0.0140794297469474
0.0825520387458212
0.0762505017277625
0.000970238516682358
-0.0750902241022934
-0.0831094343435864
-0.0159165962345144
0.0655921567235435
0.0876397867026347
0.0303484352503414
-0.0543344198036614
-0.0897339744227338
-0.0438726426889783
0.0416392318972686
0.0893522555423853
0.0561247382785597
-0.0278651005209679
-0.0865230154327834
-0.0667784843093136
0.0133966196292244
0.0813411960534633
0.0755543230888047
0.0013662992333603
-0.0739649418609927
-0.082226432776344
-0.0160194623501626
0.0646105812833231
0.0866282333601108
0.0301653943240401
-0.0535461051626266
-0.0886562190867132
-0.0434240084713718
0.0410833409120358
0.088272040604842
0.055442666000863
-0.027569052451323
-0.0855028081482401
-0.0659053640991608
0.0133752205882612
0.0804396349675179
0.0745408207572174
0.00111122410873537
-0.0732344866678886
-0.0811292574879518
-0.0154989340467002
0.064095445930914
0.0855077190136795
0.0294026588244408
-0.0532805421987676
-0.0875738104493606
-0.0424534620956609
0.0410903313066229
0.087287776317663
0.0543083747694291
-0.0278594399345188
-0.0846728907110846
-0.0646592375176733
0.0139473134477056
0.0798141728679112
0.0732405109511729
0.000271577287479337
-0.0728554861832062
-0.0798358625478336
-0.01441780449481
0.0639951201208533
0.0842833745651773
0.0281170589469763
-0.0534799925979703
-0.0864792557427081
-0.0410099678744289
0.0415986442587671
0.0863799805350225
0.0527614018273012
-0.0286732248485147
-0.0840028218083523
-0.0630690342985095
0.0150506949955226
0.0794247852698248
0.0716709410377592
-0.00109348362297564
-0.0727799952861984
-0.0783520542158598
-0.0128301483729668
0.0642556211419932
0.0829493191169697
0.0263557837730857
-0.0540864692115662
-0.0853554369259895
-0.0391323124544522
0.04254839909768
0.0855211154587138
0.0508309402895199
-0.0299507497583446
-0.0834557893303547
-0.0611535165699284
0.016627984374321
0.07922681103444
0.0698399738988017
-0.00293077971609014
-0.0729571536870714
-0.0766747003252302
-0.0107832032764591
0.0648217037892014
0.0814916935088949
0.0241586262588229
-0.0550422573510822
-0.0841783800662737
-0.0368516176505856
0.0438813642617057
0.0846780190550216
0.0485385218562454
-0.0316351931376004
-0.0829906458515599
-0.0589240345612363
0.0186256114267574
0.0791725504997903
0.0677485238506264
-0.0051916927910003
-0.0733343219896483
-0.074794360405657
-0.00831912460253107
0.0656375259308177
0.0798911076523931
0.0215599994786773
-0.056290116833103
-0.0829194537003236
-0.0341935392502851
0.0455407168818632
0.0838138003840409
0.045900318816582
-0.0336719199841753
-0.0825634598259307
-0.0563868544002045
0.0209928023480157
0.0792124447641664
0.0653928370520819
-0.00783083845144232
-0.0738578745317138
-0.0726974517085835
-0.00547656639899591
0.0666470531377986
0.0781246329950819
0.0185907088549384
-0.0577733085507069
-0.0815471376385755
-0.0311801662857216
0.0474707122239628
0.0828893446112822
0.0429291063348076
-0.0360078244460603
-0.082128727157372
-0.0535451216078595
0.0236806336192656
0.079295974809282
0.062766398329544
-0.0108048755895881
-0.0744737775191072
-0.0703680468659684
-0.00229206771967629
0.0677943172717242
0.0761674450827328
0.0152794831247275
-0.0594355441973582
-0.0800284719630944
-0.0278316444643546
0.0496163435043795
0.0818645380419417
0.0396359268719297
-0.0385907258190654
-0.0816403502590281
-0.0504005171692628
0.026641196146762
0.0793723810059725
0.0598615329657597
-0.0140714751528969
-0.0751280436261448
-0.0677893799597397
0.00119876041111782
0.0690236086217536
0.0739941978327115
0.011654275599844
-0.0612209255489371
-0.0783302694320919
-0.0241675498004095
0.0519230443039641
0.0806992950072884
0.0360314949965471
-0.0413688555466196
-0.0810524623952733
-0.0469546541656931
0.0298268927707751
0.079391274503398
0.0566707585935519
-0.0175884575075809
-0.07576712644551
-0.0649451207219385
0.00496024392194701
0.0702796554877771
0.0715801913299163
0.00774335066247493
-0.0630739168052588
-0.0764201528741433
-0.0202080371894188
0.0543364662244395
0.079354445869393
0.0321273753037649
-0.0442904569689859
-0.0803201524517047
-0.0432102537411994
0.033189880338638
0.0793031900390398
0.0531879300731136
-0.0213130997181528
-0.0763382975707793
-0.0618204619479242
0.00895584290842407
0.071507826440354
0.0689023786383784
0.00357617083107236
-0.0649393772160001
-0.0742674618424692
-0.0159747856611264
0.0568023508800191
0.0777925277623539
0.0279369601462385
-0.0473035089580942
-0.0794001279032473
-0.0391721306067728
0.0366816599628262
0.0790601131515586
0.0494092096056299
-0.0252016095174582
-0.0767900338304671
-0.0584030530441729
0.0131475279163921
0.0726543769029222
0.065940243948172
-0.000815901369397404
-0.0667626696065221
-0.0718440591252396
-0.0114917584862213
0.0592665058906656
0.075978505994107
0.0234762681825166
-0.0503555774475101
-0.0782513404767913
-0.0348480108100603
0.0402528142931026
0.0786160023121675
0.0453338854705304
-0.0292087602394844
-0.0770724308598874
-0.0546838027722453
0.0174953257456211
0.0736667517633461
0.0626765739190082
-0.00539907417570483
-0.0684898520690258
-0.0691250570272298
-0.00678579285242117
0.0616748879078022
0.0738804434800859
0.0187645797634337
-0.0533937940082529
-0.0768355888955329
-0.0302491982718879
0.043852887547401
0.0779273170975756
0.0409650556009115
-0.0332876796221001
-0.0771376507471655
-0.0506575664319949
0.0219570254760469
0.074493948391645
0.0590981359063929
-0.010136759156138
-0.0700679540002227
-0.0660894750842375
-0.0018870308135148
0.063973790940453
0.0714701275025547
0.0138249210738373
-0.0563649572075798
-0.0751181054156891
-0.0253911016116271
0.0474304019683047
0.0769535564442115
0.0363101865796635
-0.0373897845888634
-0.0769404051566944
-0.0463237266636945
0.0264880358114767
0.0750869389772067
0.0551962704788785
-0.0149893562127084
-0.0714453331538375
-0.0627208345790717
0.003170799191483
0.0661101347342086
0.0687236569629002
0.00868440575543958
-0.0592157499807498
-0.073068127066511
-0.0202936289690106
0.0509330028515535
0.0756578056857887
0.0313815543658082
-0.041464853540414
-0.0764384705651617
-0.0416866724791169
0.0310413851277061
0.0753991469802601
0.0509674009213314
-0.0199141827210855
-0.0725721069610553
-0.0590076905156743
0.0083502427033848
0.0680318452702628
0.065621988712713
0.00337444041930456
-0.0618930642938591
-0.0706594481651776
-0.0149814557637609
0.0543077230580413
0.0740072870712995
0.0261965699634436
-0.045461227127607
-0.0755932286483645
-0.0367561778186681
0.0355678556792496
0.0753869693577256
0.0464134590004573
-0.0248655391394704
-0.0734006487346673
-0.054944098281608
0.0136101150598402
0.0696883173275008
0.062151438204113
-0.00206920106364467
-0.0643444227658119
-0.067870947489713
-0.0094841684891235
0.0575013568078019
0.0719739054924637
0.0207779911565089
-0.0493261278387688
-0.0743702221584307
-0.0315476786767866
0.0400162432128559
0.0750103338295678
0.0415422239201332
-0.0297949036030912
-0.0738861373040751
-0.0505300098541595
0.0189056267571673
0.071030947319318
0.058304127356304
-0.00760643041938271
-0.0665184855204324
-0.0646870812308636
-0.00383628658694291
0.0604609314846158
0.0695347790082267
0.0151540202009663
-0.0530060879703248
-0.0727397146405242
-0.0260824464723556
0.0443337327589439
0.074233278633192
0.0363675699406911
-0.0346512478007136
-0.0739871469971333
-0.0457715929032541
0.0241886324573966
0.0720137231769473
0.0540783710194377
-0.0131930211038042
-0.0683656292934734
-0.0610983313422752
0.00192283591786788
0.0631342651186694
0.066672742289114
0.00935828685960033
-0.0564474746670682
-0.0706772409273933
-0.0203876547242061
0.048466380652441
0.0730245408695126
0.0309096174325258
-0.0393814658603276
-0.0736662636122928
-0.0406814653736979
0.0294079973074667
0.072593856854481
0.0494789925951891
-0.0187809035292427
-0.0698385846961486
-0.0571015980477174
0.00774922714297008
0.0654705961653862
0.0633768102139124
0.00342971626901574
-0.0595970997371954
-0.0681641344355396
-0.0144963361061173
0.0523596919190587
0.0713581386073912
0.0251947820649394
-0.043930907117791
-0.072890711067925
-0.0352788379793771
0.0345100734438709
0.0727324440539283
0.0445175591443345
-0.0243185744673151
-0.0708931165405583
-0.0527005249557116
0.0135946298793434
0.0674212711809702
0.0596425884603774
-0.00258771826097783
-0.0624029009101887
-0.0651880168101962
-0.00844722749863771
0.0559592811090833
0.069213931347097
0.019255717297829
-0.0482440025749604
-0.07163297275635
-0.0295895574233595
0.0394392784819425
0.0723951350125467
0.0392125265970203
-0.0297516146392298
-0.0714887312782462
-0.0479057454086795
0.0194069463147058
0.0689404750444963
0.0554726179886136
-0.00864535638528171
-0.0648146801612413
-0.0617432353914401
-0.00228450163829942
0.0592116035278352
0.0665781432270054
0.0131311462638953
-0.0522649736430213
-0.0698713912623977
-0.023646043994941
0.0441387665131367
0.0715527996707561
0.0335892864143286
-0.0350233071795105
-0.0715893949182728
-0.0427350393027079
0.0251307899826412
0.0699859875307814
0.0508766407800834
-0.0146903233081831
-0.0667848837241704
-0.0578312342756153
0.0039426146903856
0.0620647426629043
0.063443833479484
0.00686558042899292
-0.0559386104818929
-0.0675907300350251
-0.0174871184214041
0.0485511807300742
0.0701821702629923
0.0276801061757704
-0.0400753481583582
-0.0711642443062985
-0.0372133906105433
0.0307081383966069
0.0705199493423059
0.0458717750355143
-0.0206661097043633
-0.0682694075099057
-0.0534608454039795
0.0101803343436106
0.0644692385032177
0.0598112990952335
0.000508924030061824
-0.0592111059554404
-0.064782680830678
-0.0111577144105778
0.0526194753406314
0.0682664443667536
0.0215239580357286
-0.0448486387451774
-0.0701882743903936
-0.0313729371842983
0.0360790781098488
0.0705096202000929
0.0404825892205579
-0.0265132530653348
-0.069228410889181
-0.0486484871077297
0.0163709119603536
0.0663789404427499
0.0556883954360478
-0.00588403484917982
-0.0620309299890602
-0.0614463012859573
-0.00470847515100026
0.0562877929865767
0.0657958317230069
0.0151662307533165
-0.0492841469622845
-0.0686429841027859
-0.0252528060665465
0.0411826321502552
0.0699281113137767
0.0347410658522155
-0.0321701126429043
-0.069627121232194
-0.043418258856712
0.0224533491285308
0.0677518676145532
0.0510907616347151
-0.0122542436571579
-0.0643497279990101
-0.0575883678281741
0.0018047659134082
0.0595023825129614
0.0627680287189083
0.0086583230079975
-0.0533238253793548
-0.0665169637723494
-0.018898829458975
0.0459576579806307
0.0687550745319525
0.0286864477084856
-0.0375737281985094
-0.0694366112678438
-0.0378019225775275
0.0283641950552495
0.0685510588602493
0.0460419390285723
-0.0185391101257122
-0.0661232261186716
-0.0532236302941946
0.00832161750456172
0.0622125407009237
0.0591886053107721
0.00205711791666224
-0.056911569597951
-0.0638064075698705
-0.012363138645179
0.050343802394314
0.0669773307427839
0.0223649611879849
-0.0426607508187661
-0.0686345312651882
-0.0318387627997747
0.0340384331056516
0.0687453941462853
0.0405733725733364
-0.0246733250712019
-0.0673121252232636
-0.0483749560956181
0.0147778712785669
0.0643715605334234
0.0550712903638037
-0.00457565898202941
-0.0599942010300054
-0.0605155353885628
-0.00570363549358094
0.0542824981317795
0.0645894206738803
0.0158294138041123
-0.0473684321880972
-0.067205778279291
-0.025575320028271
0.0394104414950036
0.0683103691296021
0.0347242871546592
-0.0305897736745291
-0.067882965294914
-0.0430733535261937
0.0211063437220869
0.0659376677579091
0.0504381428911912
-0.0111741935682445
-0.0625224563366896
-0.0566569097805662
0.00101665636987127
0.0577179855555957
0.0615940621411717
0.00913866523153631
-0.0516356569749604
-0.0651430852647132
-0.0190649940875258
0.0444150144332962
0.0672288047801634
0.0285414329291329
-0.0362205234733347
-0.0678089415101932
-0.0373578658391086
0.0272378095951758
0.066874926986049
0.0453195984778146
-0.0176694416173039
-0.0644519650120182
-0.052251635103235
0.00773035608236492
0.0605983414959363
0.0580024990250948
0.00235697388253286
-0.0554040014443236
-0.0624475137544494
-0.0123675167040571
0.0489884281889207
0.0654914745066503
0.022078696250347
-0.041497875212387
-0.0670706536011875
-0.0312753299975588
0.0331020150402708
0.0671540983616213
0.0397543822528371
-0.0239900822597375
-0.0657441960110186
-0.0473294278661115
0.0143665985433982
0.0628764964276729
0.0538347288055899
-0.00444677637049596
-0.0586188001076684
-0.0591288350369163
-0.00554829523567461
0.0530695349096645
0.0630976321190419
0.0153965753289635
-0.0463554607767981
-0.0656567705589123
-0.0248799964906766
0.038628756299527
0.0667534259628168
0.0337892821055737
-0.0300635543829834
-0.0663673540684473
-0.0419285493897904
0.0208520061253823
0.0645112204995905
0.0491195973534949
-0.0111999620469757
-0.0612302012051896
-0.0552057863329373
0.00132236782355359
0.0566008656667042
0.0600554251997797
0.00856152249440081
-0.0507293707286475
-0.063564593626877
-0.0182330092671367
0.0437490079813503
0.065659339603816
0.0274787783849903
-0.0358171616739619
-0.0662972064589011
-0.0360955942664996
0.0271117468566518
0.0654680586428793
0.04389475183434
-0.0178272085711068
-0.0631941911265225
-0.0507061903683254
0.00817017219261844
0.059529723114574
0.0563821800418763
0.00164515771881769
-0.0545592925314018
-0.0608005017767561
-0.0114017476255213
0.0483960830446667
0.0638670525735593
0.0208845290459025
-0.0411792299276323
-0.0655178214311517
-0.0298851307126103
0.0330706645044399
0.0657201950639754
0.0382064450052951
-0.0242514689857239
-0.0644735675463775
-0.0456669289328716
0.0149178239282693
0.061809243427063
0.0521045462319783
-0.0052766391213445
-0.0577896394225383
-0.0573802654603391
-0.00445903476361862
0.0525068051750378
0.0613810391003679
0.0140747120562943
-0.0460802984116461
-0.0640222004198186
-0.0233591916848105
0.0386544638442769
0.0652492278962329
0.0321091868382069
-0.0303951780037938
-0.0650388411074053
-0.0401337634856958
0.0214861336289725
0.0633994068077152
0.0472584911889689
-0.0121247469917833
-0.0603706491215726
-0.0533292163808222
0.0025177794273886
0.0560226730559067
0.0582153769525024
0.00712322981024119
-0.0504543255291353
-0.0618127873967984
-0.0165866185467326
0.0437909325085884
0.0640458356543207
0.0256652422422082
-0.036181464329946
-0.0648690459419827
-0.0341609985719603
0.0277951935520339
0.0642679759107743
0.0418891374827722
-0.0188179205147744
-0.0622594311724146
-0.0486822632957215
0.0094478508905227
0.0588909952291563
0.054393942562277
0.00010878324231204
-0.0542398878074201
-0.0589018403674814
-0.00964226206780949
0.0484111792088622
0.0621103184062783
0.0189439766360475
-0.0415354022351968
-0.0639524401957849
-0.0278109867139872
0.0337656162143319
0.0643913419599076
0.0360504385158001
-0.0252739893781856
-0.063420941738675
-0.0434837464245444
0.0162479760669503
0.0610659738251889
0.0499504483700468
-0.00688617374634133
-0.0573813503976258
-0.0553116520245417
-0.00260604855457888
0.0524508668707012
0.0594529982429261
0.0120210541808811
-0.0463852817216372
-0.0622870790011003
-0.0211534764789955
0.0393198150423401
0.0637552592282579
0.0298046911058954
-0.0314111225429639
-0.0638288651181466
-0.0377871258450051
0.0228338129154936
0.0625097154490742
0.0449283146919968
-0.0137765861224806
-0.0598299868336573
-0.0510746089216562
0.00443807810405098
0.0558514183463319
0.0560944656647541
0.00497749656942248
-0.0506638753190074
-0.0598812440361642
-0.0142648085521726
0.04438330594573
0.0623554498430787
0.0232218866118544
-0.0371491373961238
-0.0634663821241243
-0.0316545022776629
0.0291211701254737
0.0631931479527066
0.0393803712813613
-0.020476039730836
-0.0615450257920615
-0.0462330811853716
0.0114033248144216
0.0585611719112022
0.0520656608976614
-0.00210138668495564
-0.0543096786506247
-0.0567537158815331
-0.00722696779525883
0.0488860073543286
0.0601980625923937
0.0163789054352315
-0.0424108322578786
-0.0623268067978101
-0.0251559718252205
0.0350273442517422
0.063096822712376
0.0333683868288293
-0.0268980749551848
-0.062494603036012
-0.0408391377048945
0.0182013116946914
0.0605364637324848
0.047407781854303
-0.00912718256807471
-0.0572681014263945
-0.0529338778182662
-0.000126502386675256
0.0527635153246221
0.0572999715206676
0.00935856295150853
-0.0471233192800522
-0.0604140746568101
-0.0183688194912991
0.0404724827167948
0.0622115833647442
0.0269624278785115
-0.0329575513447415
-0.0626565976237314
-0.034954084876223
0.0247434096499221
0.0617426149376555
0.0421720134359811
-0.0160096568198524
-0.0594925854915213
-0.0484616424690996
0.00694667584824349
0.0559583298211001
0.0536889025781881
0.00224851810679496
-0.0512193338086964
-0.0577430678301641
-0.0113765595920746
0.0453809492148269
0.0605390837223971
0.0202400519630925
-0.0385720406900799
-0.0620193328138781
-0.0286478302742912
0.0309421320106216
0.0621548018168793
0.0364190760687245
-0.0226581148945782
-0.0609456269977618
-0.0433871957185164
0.0139005929618469
0.0584210082381788
0.0494033793961838
-0.00485994100371985
-0.0546384957632406
-0.05433976495209
-0.00426783442613946
0.0496826670587016
0.0580921397721048
0.0132853431189362
-0.043663224584317
-0.0605821238957229
-0.0219980760214105
0.0367125572634416
0.0617587890630818
0.0302185947306263
-0.0289828201295198
-0.0615996806789667
-0.0377705556100925
0.0206425966932183
0.0601112226647336
0.0444924823529637
-0.0118732173494098
-0.0573284985322672
-0.0502412065460167
0.002864814285528
0.0533144154690775
0.0548949032250023
0.00618780126303379
-0.0481582714811003
-0.0583556573907333
-0.0150893500482003
0.0419737584149124
0.060551507777347
0.0236482931913751
-0.0348964457009336
-0.061437925600636
-0.0316809473487621
0.0270808006707038
0.0609986983169405
0.0390154184212387
-0.0186968110688539
-0.0592462013225803
-0.0454952697822568
0.00992628370237278
0.0562210537412341
0.0509828469998743
-0.000958899870801957
-0.0519911676976519
-0.0553621886833235
-0.00801188683415287
0.046650213474537
0.0585414622221876
0.0167930216834084
-0.0403155354196429
-0.0604548736047967
-0.0251959990701028
0.033125565144307
0.0610640119711052
0.0330409027841541
-0.0252367891876281
-0.0603586018277153
-0.040160249880316
0.016820337686751
0.0583566486590685
0.0464025562303158
-0.00805826849905081
-0.0551039767348586
-0.0516355481021106
-0.000860372499068814
0.0506731709568841
0.0557489519608575
0.00974362968580884
-0.0451619473309125
-0.0586568039623331
-0.0184007666075574
0.0386909888173856
0.0602992311066126
0.0266463568115618
-0.0314012946518549
-0.0606436675075736
-0.0343042489928867
0.0234511014916436
0.0596854814632729
0.04121132183859
-0.0150124437241876
-0.0574480017177748
-0.0472209487415329
0.00626742777690893
0.0539819442144802
0.0522060990373455
0.002595698855295
-0.0493642534753043
-0.0560620104460003
-0.0113865990220872
0.0436963852272483
0.0587083767966624
0.0199169306287914
-0.0371020687704036
-0.0600910056746894
-0.0280043770817405
0.0297245985888758
0.0601829121225965
0.0354765373521731
-0.0217237146156569
-0.0589848267044108
-0.0421745928292617
0.0132721391677857
0.0565251088398377
0.0479566731775337
-0.00455184568786555
-0.0528590690637454
-0.0527008501043321
-0.00424986008130974
0.0480677164916364
0.0563076961289223
0.0129443621148127
-0.0422559600063316
-0.0587023549461753
-0.0213457730093337
0.0355503032625567
0.0598360805874222
0.0292749033831615
-0.0280960842935778
-0.0596872140678953
-0.0365630771455893
0.0200543200679689
0.0582615783259256
0.0430557115718728
-0.0115982245894417
-0.0555922847433416
-0.0486155864013904
0.0029094758839955
0.0517389571209954
0.0531257330565985
0.00582568765990017
-0.0467863914002175
-0.056491883408449
-0.014420457745393
0.0408426814049965
0.0586444271032695
0.0226914479754474
-0.034036852178099
-0.059539837114042
-0.0304626018156962
0.0265160528578852
0.0591615346474719
0.0375689335676677
-0.0184423702734368
-0.0575201765866886
-0.0438600230299521
0.00998933233316117
0.0546533610137748
0.0492031900234631
-0.00133817667895568
-0.0506247587762917
-0.0534862820107566
-0.00732603515199875
0.0455226912696498
0.0566200164921731
0.0158183747725717
-0.039458186345723
-0.058539829527851
-0.0239579906523244
0.0325625552779185
0.0592071924063031
0.0315719544843271
-0.024984543782395
-0.0586103699239049
-0.0384989285411016
0.0168871190041292
0.0567646057122741
0.0445925764108333
-0.00844396193792458
-0.0537117322923561
-0.0497246452036953
-0.000164259186611653
0.0495192157869595
0.0537876545300955
0.00875375459384949
-0.044278657224534
-0.0566971361157186
-0.0171415350462093
0.0381037838627268
0.0583933776491295
0.0251493066932763
-0.0311279747090211
-0.058842635142631
-0.0326072558878134
0.0235013741895994
0.0580377894980258
0.0393576437573301
-0.0153876565142906
-0.0559984348594399
-0.0452581346058466
0.00696051052518467
0.0527703984526677
0.0501847881038737
0.0016000794499755
-0.0484247036943402
-0.0540346525789618
-0.0101116771067292
0.0430560001513979
0.0567279053809425
0.0183932799957583
-0.0367804951886277
-0.0582094960783858
-0.0262691649808664
0.0297334326252846
0.0584502589332638
0.0335726117268567
-0.0220661732097318
-0.0574474724706262
-0.0401494254506799
0.013942940015655
0.0552248557650798
0.0458611846610759
-0.00553729879342081
-0.0518320030540535
-0.050588145666597
-0.00297155126794514
0.0473432702051503
0.0542317431146918
0.0114025971077827
-0.0418561381578531
-0.0567166345725788
-0.0195768603177728
0.0354890894849131
0.0579922469845982
0.0273211928710427
-0.0283790444427136
-0.0580337935283046
-0.0344719396598603
0.0206784120899297
0.0568427407140032
0.0408783904999521
-0.0125518200575454
-0.0544467172872033
-0.0464059489449663
0.00417259318465008
0.0508988683519448
0.0509389514648707
0.00428094364176714
-0.0462766698823548
-0.0543830781418155
-0.0126292595927302
0.0406802301833564
0.0566673048595944
0.020695428267648
-0.0342301156566646
-0.0577453568199366
-0.0283088735308753
0.0270647482014229
0.0575966338946195
0.0353089716105432
-0.019337430518739
-0.0562265895932084
-0.0415484335221517
0.0112130633119849
0.053666557046714
0.0468963967437172
-0.00286462471982141
-0.0499730271348684
-0.0512411614227831
-0.00553051284342259
0.0452263954677521
0.05449251410044
0.0137943500330419
-0.0395292061280714
-0.0565835908253095
-0.0217520321330582
0.0330039306527865
0.0574722414101834
0.0292355449892646
-0.025790330459786
-0.0571418672440181
-0.0360872572963111
0.0180424596049637
0.0556017162835243
0.042163234682632
-0.00992537220601629
-0.0528866303742025
-0.0473362560679418
0.0016116049389122
0.0490562516447897
0.0514984692527559
0.0067224904231712
-0.0441937061373999
-0.0545636304983728
-0.0149004864928979
0.0384037938368013
0.0564688817991341
0.0227496125267883
-0.0318107246158589
-0.0571760294447594
-0.0301044005787149
0.0245554491026216
0.0566722981068135
0.0368101687011098
-0.0167926419018955
-0.0549705458330359
-0.0427262679954692
0.00868740179247972
0.0521089367609143
0.0477290254982484
-0.000411739327673396
-0.0481500798226772
-0.0517143214934869
-0.00785907343372837
0.0431796529685409
0.0545997477268613
0.0159502136253112
-0.0373045432457839
-0.0563263019858827
-0.0236910001900978
0.0306505432105038
0.0568595844162795
0.0309184904962327
-0.0233596534061132
-0.0561904715516131
-0.0374809052629259
0.0155870488246052
0.054335255118233
0.0432408099303531
-0.00749777420404859
-0.051335244003726
-0.0480779859342576
-0.000736761434054116
0.0472558391063968
0.0518919320619658
0.00894241655345578
-0.042185101875199
-0.0546039440240293
-0.016945998254398
0.0362318479731643
0.0561587294057566
0.0245789150430125
-0.0295233074280278
-0.0565255250699378
-0.0316807242544567
0.0222024016659339
0.055698694656074
0.0381024995856235
-0.0144246957693881
-0.0536977948379851
-0.0437099481768309
0.00635509099466863
0.0505671102252954
0.0483862121415255
0.00183567210997268
-0.0463746679923623
-0.0520342962589039
-0.0099746258337148
0.0412107542490731
0.0545790715689904
0.0178902262914254
-0.0351859646087366
-0.0559688136709837
-0.0254159662573305
0.028428831134939
0.0561762444300531
0.0323938738308094
-0.021083076663086
-0.0551990563339814
-0.03867782351791
0.0133045552089979
0.0530599096857262
0.0441365904464385
-0.00525794363616696
-0.0498059039400933
-0.048656584015463
-0.00288674517483099
0.0455075355574857
0.0521442041861353
0.0109577538314155
-0.0402571655224969
-0.0545277717046303
-0.0187852007680838
0.034167029934513
0.0557589926351211
0.0262046531617063
-0.0273668366067184
-0.0558139274753881
-0.0330605773533968
0.0200009992117801
0.0546934456235535
0.0392095944703434
-0.0122255680069593
-0.0524231568348134
-0.0445234732173628
0.00420492240608226
0.0490528223264742
0.0488917975023701
0.00389170448841625
-0.044655259122894
-0.0522242535507892
-0.0118937959203017
0.039324761851705
0.0544524892983348
0.0196331408009983
-0.0331750762859751
-0.0555315079576604
-0.0269473668170603
0.0263369682632263
0.0554405675371495
0.0336833431887539
-0.0189554400080085
-0.0541835685394525
-0.0397003818650124
0.011186653165825
0.0517889228643219
0.0448731703470964
-0.00319462387334824
-0.0483089078542934
-0.0490943751336458
-0.00485224018092787
0.0438185202266644
0.0522768618441984
0.012784687601798
-0.0384138551011177
-0.0543554862589426
-0.02043618132818
0.0322100452443177
0.0552884196310199
0.0276463921255812
-0.0253388048003985
-0.0550579814938617
-0.0342645543202729
0.0179456299731418
0.0536709635873614
0.0401526136322532
-0.0101867161997823
-0.0511584392465248
-0.045188101494674
0.00222565716434768
0.0475750634073146
0.0492666761433141
0.0057700045798242
-0.0429978790594652
-0.0523042778927481
-0.0136323026610628
0.037524656293389
0.0542388542344771
0.0211963734810873
-0.0312717998305072
-0.0550316195202027
-0.0283039103578577
0.0243718698922869
0.0546678238373902
0.0348064729233806
-0.0169707692659009
-0.0531570160363728
-0.0405685826856726
0.00922465629997237
0.050532796509355
0.0454705403087445
-0.00129664916921375
-0.0468520660291739
-0.0494109061497951
-0.00664660902970616
0.0421937875040862
0.0523085927866286
0.0144384520344732
-0.0366572876746732
-0.054104526519898
-0.0219156854759657
0.0303601353563132
0.054762843966761
0.0289220020005587
-0.0234356416196823
-0.0542715996816402
-0.0353112450616564
0.0160300351165795
0.0526429710396174
0.0409504533204876
-0.00829937244111518
-0.0499129571800393
-0.0457226223487906
0.00040624882826061
0.046140579412173
0.0495291263915247
0.00748362147666855
-0.0414066009078773
-0.0522917501979378
-0.0152048832735367
0.0358117935310259
0.0539542892074549
0.0225960039250171
-0.0294747890713059
-0.0544836855091504
-0.0295026498434298
0.0225295607651353
0.053870676784427
0.0357809054407192
-0.0151225886207836
-0.0521299456885947
-0.0413002674922465
0.00740976856102636
0.0492997676089145
0.0459463527164624
0.000446869377961071
-0.0454411652386912
-0.0496232625134743
-0.00828256470459689
0.0406365887059595
0.0522555561043036
0.015933280505896
-0.0349881498789431
-0.0537897916143403
-0.0232391354831845
0.0286154487314809
0.0541956037711969
0.030047742236867
-0.021653038098962
-0.0534662966493732
-0.0362173821688904
0.0142475806141005
0.0516189400822911
0.0416199509422564
-0.00655475792860682
-0.048693968765841
-0.0461436133814206
-0.00126400262766415
0.0447542934761726
0.0496951129065545
0.00904491512608785
-0.0398839440027559
-0.0522016879376024
-0.0166252648081054
0.0341862731414855
0.0536125560231819
0.0238468087584013
-0.027781760202184
-0.0538999355694557
-0.0305590764633577
0.020805460768351
0.0530595847721092
0.0366225014831612
-0.0134041567361593
-0.0511108474865373
-0.0419113191447773
0.00573326680300047
0.0480962060939719
0.0463161701926968
0.00204641755119106
-0.0440803517186278
-0.0497463566070283
-0.00977210204333833
0.0391487922098432
0.052131703179596
0.0172823949168377
-0.0334060279108934
-0.0534239867719935
-0.0244206764250777
0.0269733341967612
0.0535979042887483
0.0310383621755195
-0.0199861978890287
-0.0526515600916712
-0.0369979924075123
0.0125914617797327
0.0506064636545958
0.0421760830571192
-0.00494423747376493
-0.0475070385003983
-0.0464656795715119
-0.002795348536329
0.0434196536594726
0.0497785607656028
0.0104655073055855
-0.038431198829091
-0.0520470474281581
-0.0179061682156222
0.0326472338887931
0.0532253787290411
0.0249623174890248
-0.0261897522422519
-0.0532906285732759
-0.0314872248618117
0.0191946054285215
0.0522431437046863
0.037345491317439
-0.0118086434102354
-0.0501064953748692
-0.042415854659673
0.00418663076172984
0.0469269465560062
0.0465936948852147
0.00351199647332114
-0.0427724467738957
-0.0497931876987434
-0.0111264652994353
0.0377311764624292
0.0519490619584093
0.0184980219433112
-0.031909672086349
-0.0530179251889482
-0.0254732396609614
0.0254305719535041
0.0529791303790397
0.0319072093078984
-0.0184300304610419
-0.0518351668963677
-0.0376665463904775
0.0110548553309782
0.0496115683075123
0.0426321522776713
-0.00345942805035233
-0.0463563399722055
-0.0467016725057366
-0.00419752787634942
0.0421389192816687
0.0497916015369032
0.0117562632171566
-0.0370486911214626
-0.0518389908037035
-0.0190593345781806
0.0311930903586521
0.0528027252239253
0.0259548818021312
-0.0246953316896304
-0.0526643424306922
-0.0322997830279826
0.0176918148639155
0.0514283785394839
0.0379626219274833
-0.0103292599613183
-0.0491222341665312
-0.0428264056794403
0.00276163290942266
0.0457955644158367
0.0467909775581846
0.00485307432654095
-0.0415192064556011
-0.0497750744847657
-0.0123561415552625
0.0363836679041774
0.0517179873815493
0.0195914273584844
-0.0304972083405455
-0.0525807905242369
-0.0264086164120769
0.023983554658291
0.052347115124047
0.032666339644903
-0.0169792985198818
-0.0510234519085248
-0.0382351025329972
0.0096310306867343
0.0486389773005099
0.0429999609498236
-0.00209227236517966
-0.0452449077192592
-0.0468628893669094
-0.00547973218833732
0.0409133963350104
0.0497447927104416
0.0129272948023419
-0.0357359960989737
-0.0515871206891277
-0.0200955659062017
0.0298217218441491
0.0523530517598028
0.0268357521331011
-0.0232947525269372
-0.052028222913133
-0.0330082022027951
0.0162918220808654
0.0506209909537823
0.0384852971473131
-0.00895935373370726
-0.048162220720825
-0.0431540851392466
0.0014503978644518
0.0447046055379567
0.0469186066084144
0.00607856255741271
-0.0403215348984161
-0.0497018618802721
-0.0134708722808252
0.035105533771282
0.0514473810926394
0.0205729619255821
-0.0291663067729637
-0.0521203644940877
-0.0272375362510139
0.0226284285941738
0.0517083702182154
0.0333266263990191
-0.0156287293438126
-0.0502215360765366
-0.0387144429247507
0.00831342971567375
0.0476923316221925
0.043289970691102
-0.000835085974942445
-0.0441748465030016
-0.0469592521808958
-0.00665059140346334
0.039743630744571
0.049647312356467
0.0139879791121416
-0.0344921118823363
-0.0512996857342639
-0.0210247749526882
0.028530622601302
0.0518835146792892
0.0276151571748723
-0.0219840805683529
-0.0513881968894354
-0.0336228037256847
0.0149893692833731
0.0498255694439689
0.0389237089551633
-0.00769247489130271
-0.0472296264377713
-0.0434087396515555
0.000245438858259365
0.0436557769125243
0.0469858778014279
0.00719680987632625
-0.0391796593272951
-0.0495821040745859
-0.0144796772792537
0.0338955379853607
0.0511448835792076
0.0214521141358154
-0.0279143154637125
-0.0516432237610734
-0.0279697468822569
0.0213612029962315
0.051068283258015
0.0338978645132935
-0.0143730977810524
-0.0494335198793366
-0.0391141998285913
0.00709572217162905
0.0467743754662466
0.0435114476670876
0.000319415451953143
-0.0431475050022673
-0.0469994683418991
-0.00771817474783624
0.0386295667844208
0.049507131117861
0.0149469867641482
-0.0333155995400641
-0.0509837601250939
-0.0218560400299236
0.0273170208939825
0.0514001534190718
0.0283023833186638
-0.0207592893794998
-0.0507491548053597
-0.0341528808711444
0.0137792790866095
0.0490457673608789
0.039286959042319
-0.00652242190815971
-0.0463268071074792
-0.0435990877760721
-0.000860322938409776
0.0426501048317486
0.0470009459155213
0.00821560896524999
-0.0380932733986494
-0.0494232260047446
-0.0153908867411837
0.0327520668822277
0.0508170417945646
0.0222375663912349
-0.0267383662499279
-0.0511549099678774
-0.0286140927424975
0.0201778340135698
0.0504312864779036
0.0343888695215292
-0.0132072870431411
-0.0486626471596087
-0.0394429722532657
0.00597184249032062
0.045887111737992
0.0436725940010162
0.00137810363042158
-0.0421636198199339
-0.0469911737252177
-0.00869000229612706
0.0375706767239946
0.0493311637057958
0.0158123168099916
-0.0322046958821
-0.0506454000309189
-0.0225976619600556
0.026177972855935
0.0509080484422488
0.0289058520087515
-0.0196163335788396
-0.0501151066743384
-0.0346067945249293
0.0126565061039791
0.0482844536450319
0.039583170377965
-0.00544327077766352
-0.045455445257116
-0.0437328447491926
-0.00187355175402328
0.0416880659607306
0.0469709596857937
0.00914221204586856
-0.0370616544085096
-0.0492316654053745
-0.0162121782540865
0.0316732303217066
0.0504694551160086
0.0229372522227117
-0.0256354578928444
-0.050660076388183
-0.0291785907863127
0.0190742885120861
0.04980100092924
0.0348075698963532
-0.0121263321664768
-0.0479114437843885
-0.0397084325436186
0.00493601238891572
0.0450319323306441
0.0437806660287269
0.00234743598333542
-0.041223434746713
-0.0469410598311729
-0.00957306383331186
0.0365660667416078
0.049125402023108
0.0165913353137191
-0.0311574040186546
-0.0502897797283989
-0.0232572211444388
0.0251104360609141
0.0504114573807088
0.0294331937049691
-0.0185512041822262
-0.0494893153158807
-0.0349920621123807
0.0116161732449011
0.0475438403601245
0.0398195888945004
-0.00444939186724134
-0.0446166693575871
-0.0438168344884874
-0.00280049977619089
0.0407696958265584
0.0469021815179075
0.00998335241052152
-0.0360837589513495
-0.0490129975094864
-0.0169506164627381
0.0306569427210231
0.0501069022584961
0.0235584128673639
-0.0246025210397583
-0.0501626142874329
-0.0296705024298902
0.0180465918923876
0.0491803595895204
0.0351610925103135
-0.0111254500021256
-0.0471818349277478
-0.0399174232583236
0.00398275273946252
0.0442097271829396
0.0438420802891882
0.00323346177980307
-0.0403267994194697
-0.0468549864359771
-0.0103738425155145
0.0356145632747661
0.0488950319291322
0.0172908156816854
-0.0301715657958793
-0.0499213098970781
-0.0238416333684338
0.0241113267663425
0.0499139322961301
0.0298913176614862
-0.0175599697279507
-0.0488744100903624
-0.0353154395808544
0.0106535961578355
0.0468255905346641
0.0400026756769442
-0.003535457484023
-0.0438111535779405
-0.0438570898138737
-0.00364701629375051
0.0398946785082738
0.0468000934373243
0.0107452697481731
-0.0351583008222798
-0.0487720443447183
-0.0176126937198701
0.0297009877318163
0.0497334515120461
0.0241076520734699
-0.0236364685501465
-0.0496657617229638
-0.0300964010604047
0.0170908632679828
0.0485717124245588
0.0354558411568755
-0.0102000587887248
-0.0464752442192037
-0.0400760448071848
0.00310688742137991
0.043420975507027
0.043862508225242
0.00404183377931169
-0.0394732508304506
-0.0467380811923144
-0.0110983414609034
0.0347147832556803
0.0486445355140997
0.0179169793411208
-0.0292449194734739
-0.0495437403277104
-0.0243572034247204
0.0231775640426388
0.049418420617126
0.0302864770972253
-0.0166388061757779
-0.0482724839401585
-0.0355829965004252
0.00976429853455782
0.0461309093072402
0.0401381901963105
-0.00269644253854258
-0.043039201199593
-0.0438589418775595
-0.00441856140571489
0.0390624206850319
0.0466694906840666
0.0114337376568038
-0.0342838142964073
-0.0485129704121679
-0.0182043705483994
0.0288030696050915
0.0493525564198705
0.0245909883995034
-0.0227342340765477
-0.0491721971764533
-0.030462234827301
0.016203340682439
0.0479769160131792
0.0356975682913543
-0.00934578972252371
-0.0457926775224339
-0.0401897344378169
0.00230354125796627
0.0426658220427882
0.0438469605905155
0.00477782362485773
-0.0386620805715667
-0.046594827549742
